-0.952315 -0.0599184 997.074 62.7346
-0.946673 -0.1196 991.167 125.222
-0.937295 -0.17881 981.348 187.214
-0.924217 -0.237314 967.655 248.468
-0.907491 -0.294882 950.143 308.741
-0.887183 -0.351285 928.88 367.796
-0.863373 -0.406302 903.952 425.398
-0.836156 -0.459715 875.455 481.322
-0.805638 -0.511314 843.503 535.346
-0.77194 -0.560895 808.222 587.257
-0.735196 -0.608261 769.75 636.85
-0.695549 -0.653227 728.24 683.929
-0.653158 -0.695615 683.856 728.309
-0.608188 -0.735257 636.773 769.814
-0.560817 -0.771996 587.176 808.28
-0.511234 -0.805689 535.262 843.557
-0.459632 -0.836202 481.234 875.503
-0.406216 -0.863414 425.308 903.994
-0.351196 -0.887218 367.703 928.917
-0.294791 -0.90752 308.646 950.174
-0.237222 -0.924241 248.371 967.68
-0.178716 -0.937313 187.116 981.366
-0.119506 -0.946685 125.122 991.18
-0.0598232 -0.952321 62.6349 997.08
9.5454e-05 -0.954198 -0.0999403 999.046
0.0600137 -0.952309 -62.8343 997.068
0.119695 -0.946661 -125.321 991.154
0.178904 -0.937277 -187.312 981.329
0.237407 -0.924193 -248.565 967.63
0.294972 -0.907461 -308.836 950.112
0.351374 -0.887148 -367.889 928.844
0.406388 -0.863333 -425.489 903.909
0.459799 -0.83611 -481.41 875.407
0.511395 -0.805587 -535.43 843.449
0.560972 -0.771884 -587.338 808.163
0.608335 -0.735135 -636.927 769.686
0.653297 -0.695484 -684.002 728.172
0.69568 -0.653088 -728.377 683.783
0.735317 -0.608114 -769.877 636.696
0.772053 -0.56074 -808.339 587.095
0.80574 -0.511153 -843.61 535.177
0.836248 -0.459548 -875.551 481.147
0.863454 -0.406129 -904.037 425.217
0.887253 -0.351108 -928.954 367.61
0.90755 -0.2947 -950.205 308.551
0.924264 -0.237129 -967.705 248.274
0.937331 -0.178623 -981.385 187.018
0.946697 -0.119411 -991.192 125.023
0.952327 -0.0597279 -997.087 62.5351
0.954198 0.000190908 -999.046 -0.199881
0.952303 0.060109 -997.062 -62.9341
0.946649 0.11979 -991.142 -125.42
0.937259 0.178998 -981.31 -187.411
0.924169 0.237499 -967.605 -248.662
0.907432 0.295063 -950.081 -308.931
0.887113 0.351463 -928.807 -367.981
0.863292 0.406475 -903.867 -425.579
0.836064 0.459883 -875.359 -481.497
0.805536 0.511475 -843.396 -535.515
0.771828 0.561049 -808.104 -587.418
0.735074 0.608408 -769.623 -637.004
0.695419 0.653366 -728.103 -684.075
0.653018 0.695745 -683.71 -728.445
0.608041 0.735378 -636.619 -769.941
0.560663 0.772109 -587.014 -808.398
0.511072 0.805791 -535.093 -843.664
0.459464 0.836294 -481.059 -875.6
0.406043 0.863495 -425.127 -904.079
0.351019 0.887288 -367.517 -928.991
0.294609 0.907579 -308.456 -950.235
0.237037 0.924288 -248.178 -967.729
0.178529 0.937348 -186.92 -981.404
0.119316 0.946709 -124.924 -991.205
0.0596326 0.952333 -62.4354 -997.093
-0.000286362 0.954198 0.299821 -999.046
-0.0602042 0.952297 63.0338 -997.055
-0.119884 0.946637 125.519 -991.129
-0.179091 0.937241 187.509 -981.291
-0.237592 0.924146 248.758 -967.58
-0.295154 0.907402 309.026 -950.05
-0.351551 0.887077 368.074 -928.77
-0.406561 0.863251 425.67 -903.824
-0.459966 0.836018 481.585 -875.311
-0.511556 0.805485 535.599 -843.342
-0.561126 0.771772 587.499 -808.045
-0.608482 0.735013 637.081 -769.559
-0.653436 0.695353 684.147 -728.035
-0.695811 0.652949 728.514 -683.637
-0.735439 0.607967 770.005 -636.542
-0.772165 0.560586 808.456 -586.933
-0.805843 0.510992 843.717 -535.008
-0.83634 0.459381 875.648 -480.972
-0.863536 0.405957 904.122 -425.037
-0.887323 0.35093 929.028 -367.424
-0.907609 0.294519 950.266 -308.361
-0.924312 0.236944 967.754 -248.081
-0.937366 0.178435 981.423 -186.822
-0.946721 0.119222 991.217 -124.825
-0.952339 0.0595374 997.099 -62.3356
-0.954198 -0.000381816 999.046 0.399761
-0.952291 -0.0602995 997.049 63.1336
-0.946625 -0.119979 991.117 125.618
-0.937223 -0.179185 981.273 187.607
-0.924122 -0.237684 967.555 248.855
-0.907373 -0.295245 950.019 309.121
-0.887042 -0.35164 928.733 368.167
-0.863211 -0.406648 903.781 425.76
-0.835972 -0.46005 875.262 481.672
-0.805433 -0.511636 843.289 535.683
-0.771716 -0.561204 807.986 587.58
-0.734952 -0.608555 769.495 637.158
-0.695288 -0.653505 727.966 684.22
-0.652879 -0.695876 683.565 728.582
-0.607894 -0.7355 636.465 770.068
-0.560509 -0.772221 586.852 808.515
-0.510911 -0.805894 534.924 843.771
-0.459297 -0.836386 480.884 875.696
-0.40587 -0.863576 424.946 904.164
-0.350841 -0.887358 367.331 929.064
-0.294428 -0.907638 308.266 950.297
-0.236852 -0.924335 247.984 967.779
-0.178341 -0.937384 186.723 981.441
-0.119127 -0.946733 124.726 991.23
-0.0594421 -0.952345 62.2359 997.105
0.00047727 -0.954198 -0.499702 999.046
0.0603947 -0.952285 -63.2333 997.043
0.120074 -0.946613 -125.717 991.104
0.179279 -0.937205 -187.705 981.254
0.237777 -0.924098 -248.952 967.531
0.295336 -0.907343 -309.216 949.988
0.351729 -0.887007 -368.26 928.696
0.406734 -0.86317 -425.85 903.739
0.460134 -0.835926 -481.76 875.214
0.511717 -0.805382 -535.768 843.235
0.561281 -0.77166 -587.661 807.928
0.608629 -0.734891 -637.235 769.431
0.653575 -0.695223 -684.293 727.898
0.695941 -0.65281 -728.651 683.492
0.735561 -0.60782 -770.132 636.388
0.772277 -0.560431 -808.574 586.772
0.805945 -0.51083 -843.824 534.84
0.836432 -0.459213 -875.744 480.796
0.863617 -0.405784 -904.207 424.856
0.887394 -0.350753 -929.101 367.238
0.907668 -0.294337 -950.328 308.171
0.924359 -0.23676 -967.804 247.887
0.937402 -0.178248 -981.46 186.625
0.946745 -0.119032 -991.242 124.627
0.952351 -0.0593468 -997.112 62.1361
0.954198 0.000572724 -999.046 -0.599642
0.952279 0.06049 -997.036 -63.333
0.946601 0.120169 -991.092 -125.816
0.937187 0.179373 -981.235 -187.803
0.924074 0.237869 -967.506 -249.049
0.907314 0.295426 -949.957 -309.311
0.886972 0.351818 -928.66 -368.353
0.863129 0.40682 -903.696 -425.941
0.83588 0.460217 -875.166 -481.847
0.805331 0.511798 -843.182 -535.852
0.771604 0.561358 -807.869 -587.742
0.734831 0.608703 -769.368 -637.312
0.695157 0.653645 -727.83 -684.366
0.65274 0.696007 -683.419 -728.719
0.607746 0.735622 -636.31 -770.196
0.560354 0.772333 -586.691 -808.633
0.51075 0.805996 -534.755 -843.878
0.45913 0.836477 -480.709 -875.792
0.405697 0.863658 -424.765 -904.249
0.350664 0.887429 -367.145 -929.138
0.294246 0.907697 -308.076 -950.359
0.236667 0.924383 -247.79 -967.829
0.178154 0.93742 -186.527 -981.479
0.118937 0.946757 -124.527 -991.254
0.0592516 0.952357 -62.0364 -997.118
-0.000668178 0.954198 0.699582 -999.046
-0.0605853 0.952273 63.4328 -997.03
-0.120263 0.946589 125.916 -991.079
-0.179467 0.937169 187.901 -981.216
-0.237961 0.92405 249.146 -967.481
-0.295517 0.907284 309.406 -949.926
-0.351906 0.886937 368.446 -928.623
-0.406907 0.863088 426.031 -903.654
-0.460301 0.835834 481.935 -875.118
-0.511878 0.80528 535.936 -843.128
-0.561435 0.771547 587.823 -807.81
-0.608776 0.73477 637.389 -769.304
-0.653714 0.695092 684.439 -727.761
-0.696072 0.65267 728.787 -683.346
-0.735682 0.607673 770.259 -636.233
-0.772389 0.560277 808.691 -586.61
-0.806047 0.510669 843.931 -534.671
-0.836523 0.459046 875.84 -480.621
-0.863698 0.405611 904.292 -424.675
-0.887464 0.350575 929.175 -367.052
-0.907726 0.294155 950.39 -307.981
-0.924406 0.236575 967.853 -247.694
-0.937438 0.17806 981.497 -186.429
-0.946769 0.118843 991.267 -124.428
-0.952363 0.0591563 997.124 -61.9366
-0.954198 -0.000763632 999.045 0.799523
-0.952267 -0.0606805 997.024 63.5325
-0.946577 -0.120358 991.066 126.015
-0.937151 -0.17956 981.198 188
-0.924027 -0.238054 967.456 249.242
-0.907254 -0.295608 949.895 309.501
-0.886901 -0.351995 928.586 368.539
-0.863048 -0.406993 903.611 426.122
-0.835788 -0.460384 875.07 482.022
-0.805229 -0.511959 843.074 536.021
-0.771491 -0.561512 807.751 587.903
-0.734709 -0.60885 769.24 637.465
-0.695026 -0.653784 727.693 684.511
-0.652601 -0.696137 683.273 728.856
-0.607599 -0.735743 636.156 770.323
-0.560199 -0.772445 586.529 808.75
-0.510589 -0.806098 534.586 843.985
-0.458962 -0.836569 480.534 875.888
-0.405525 -0.863739 424.584 904.334
-0.350486 -0.887499 366.959 929.211
-0.294065 -0.907756 307.886 950.42
-0.236482 -0.92443 247.597 967.878
-0.177966 -0.937455 186.331 981.516
-0.118748 -0.946781 124.329 991.279
-0.059061 -0.952369 61.8369 997.13
0.000859086 -0.954198 -0.899463 999.045
0.0607758 -0.952261 -63.6323 997.017
0.120453 -0.946565 -126.114 991.054
0.179654 -0.937133 -188.098 981.179
0.238146 -0.924003 -249.339 967.431
0.295699 -0.907225 -309.596 949.864
0.352084 -0.886866 -368.632 928.549
0.407079 -0.863007 -426.212 903.568
0.460468 -0.835742 -482.11 875.021
0.512039 -0.805177 -536.105 843.021
0.561589 -0.771435 -587.984 807.692
0.608923 -0.734648 -637.542 769.176
0.653853 -0.694961 -684.584 727.624
0.696202 -0.652531 -728.924 683.2
0.735804 -0.607526 -770.387 636.079
0.772501 -0.560122 -808.809 586.448
0.806149 -0.510508 -844.038 534.502
0.836615 -0.458879 -875.936 480.446
0.863779 -0.405438 -904.377 424.494
0.887534 -0.350398 -929.248 366.866
0.907785 -0.293974 -950.451 307.791
0.924454 -0.23639 -967.903 247.5
0.937473 -0.177872 -981.534 186.233
0.946793 -0.118653 -991.292 124.23
0.952375 -0.0589657 -997.136 61.7371
0.954198 0.00095454 -999.045 -0.999403
0.952255 0.0608711 -997.011 -63.732
0.946553 0.120547 -991.041 -126.213
0.937116 0.179748 -981.16 -188.196
0.923979 0.238239 -967.406 -249.436
0.907195 0.295789 -949.834 -309.691
0.886831 0.352173 -928.512 -368.725
0.862966 0.407166 -903.526 -426.302
0.835695 0.460552 -874.973 -482.198
0.805126 0.51212 -842.967 -536.189
0.771379 0.561667 -807.634 -588.065
0.734587 0.608997 -769.113 -637.619
0.694896 0.653923 -727.556 -684.657
0.652461 0.696268 -683.127 -728.992
0.607452 0.735865 -636.002 -770.45
0.560045 0.772557 -586.367 -808.867
0.510427 0.8062 -534.417 -844.092
0.458795 0.836661 -480.358 -875.984
0.405352 0.86382 -424.403 -904.419
0.350309 0.887569 -366.773 -929.285
0.293883 0.907815 -307.695 -950.482
0.236297 0.924477 -247.403 -967.928
0.177779 0.937491 -186.134 -981.553
0.118559 0.946804 -124.131 -991.304
0.0588705 0.952381 -61.6374 -997.143
-0.00104999 0.954198 1.09934 -999.045
-0.0609663 0.952249 63.8317 -997.005
-0.120642 0.946541 126.312 -991.029
-0.179842 0.937098 188.294 -981.141
-0.238331 0.923955 249.533 -967.381
-0.29588 0.907166 309.786 -949.803
-0.352261 0.886796 368.818 -928.475
-0.407252 0.862926 426.393 -903.483
-0.460635 0.835649 482.285 -874.925
-0.5122 0.805075 536.274 -842.913
-0.561744 0.771323 588.146 -807.575
-0.60907 0.734526 637.696 -769.049
-0.653992 0.69483 684.73 -727.487
-0.696333 0.652392 729.061 -683.054
-0.735925 0.607378 770.514 -635.925
-0.772613 0.559968 808.926 -586.286
-0.806251 0.510347 844.145 -534.333
-0.836707 0.458711 876.032 -480.271
-0.86386 0.405265 904.462 -424.313
-0.887604 0.35022 929.321 -366.68
-0.907844 0.293792 950.513 -307.6
-0.924501 0.236205 967.953 -247.306
-0.937509 0.177685 981.572 -186.036
-0.946816 0.118464 991.317 -124.032
-0.952387 0.0587752 997.149 -61.5376
-0.954198 -0.00114545 999.045 1.19928
-0.952243 -0.0610616 996.998 63.9315
-0.946529 -0.120737 991.016 126.411
-0.93708 -0.179935 981.122 188.392
-0.923931 -0.238424 967.356 249.629
-0.907136 -0.295971 949.772 309.881
-0.886761 -0.35235 928.438 368.91
-0.862885 -0.407338 903.44 426.483
-0.835603 -0.460719 874.877 482.373
-0.805024 -0.512281 842.86 536.358
-0.771266 -0.561821 807.516 588.227
-0.734465 -0.609143 768.985 637.773
-0.694765 -0.654062 727.419 684.803
-0.652322 -0.696398 682.981 729.129
-0.607305 -0.735986 635.848 770.578
-0.55989 -0.772669 586.205 808.985
-0.510266 -0.806302 534.248 844.198
-0.458628 -0.836753 480.183 876.08
-0.405179 -0.863901 424.222 904.504
-0.350131 -0.887639 366.587 929.358
-0.293701 -0.907873 307.505 950.544
-0.236112 -0.924525 247.209 967.977
-0.177591 -0.937527 185.938 981.59
-0.118369 -0.946828 123.932 991.329
-0.0586799 -0.952392 61.4379 997.155
0.0012409 -0.954198 -1.29922 999.045
0.0611568 -0.952237 -64.0312 996.992
0.120831 -0.946517 -126.51 991.003
0.180029 -0.937062 -188.49 981.103
0.238516 -0.923907 -249.726 967.331
0.296062 -0.907107 -309.977 949.741
0.352439 -0.886725 -369.003 928.401
0.407425 -0.862844 -426.574 903.398
0.460802 -0.835557 -482.46 874.828
0.512361 -0.804972 -536.442 842.806
0.561898 -0.77121 -588.307 807.457
0.609217 -0.734404 -637.85 768.921
0.654131 -0.694699 -684.875 727.35
0.696464 -0.652252 -729.197 682.908
0.736047 -0.607231 -770.641 635.771
0.772725 -0.559813 -809.043 586.124
0.806353 -0.510185 -844.252 534.164
0.836799 -0.458544 -876.128 480.095
0.863941 -0.405093 -904.547 424.132
0.887674 -0.350042 -929.395 366.494
0.907903 -0.29361 -950.574 307.41
0.924548 -0.23602 -968.002 247.113
0.937544 -0.177497 -981.609 185.84
0.94684 -0.118274 -991.341 123.833
0.952398 -0.0585847 -997.161 61.3381
0.954198 0.00133636 -999.045 -1.39916
0.95223 0.0612521 -996.985 -64.1309
0.946505 0.120926 -990.991 -126.61
0.937044 0.180123 -981.085 -188.588
0.923884 0.238608 -967.306 -249.823
0.907077 0.296152 -949.71 -310.072
0.88669 0.352527 -928.364 -369.096
0.862803 0.407511 -903.355 -426.664
0.835511 0.460886 -874.78 -482.548
0.804921 0.512442 -842.752 -536.527
0.771154 0.561975 -807.398 -588.388
0.734343 0.60929 -768.857 -637.927
0.694634 0.654201 -727.282 -684.948
0.652183 0.696529 -682.835 -729.266
0.607157 0.736108 -635.694 -770.705
0.559736 0.772781 -586.043 -809.102
0.510105 0.806404 -534.08 -844.305
0.45846 0.836845 -480.008 -876.176
0.405006 0.863982 -424.041 -904.589
0.349954 0.887709 -366.401 -929.431
0.29352 0.907932 -307.315 -950.605
0.235927 0.924572 -247.016 -968.027
0.177404 0.937562 -185.742 -981.628
0.11818 0.946852 -123.734 -991.354
0.0584894 0.952404 -61.2384 -997.167
-0.00143181 0.954197 1.4991 -999.045
-0.0613473 0.952224 64.2307 -996.979
-0.121021 0.946493 126.709 -990.978
-0.180216 0.937025 188.687 -981.066
-0.238701 0.92386 249.92 -967.281
-0.296243 0.907047 310.167 -949.678
-0.352616 0.886655 369.189 -928.328
-0.407597 0.862763 426.754 -903.312
-0.46097 0.835465 482.635 -874.732
-0.512522 0.80487 536.611 -842.699
-0.562052 0.771098 588.469 -807.339
-0.609364 0.734282 638.004 -768.794
-0.65427 0.694568 685.021 -727.213
-0.696594 0.652113 729.334 -682.762
-0.736168 0.607084 770.768 -635.617
-0.772837 0.559658 809.16 -585.962
-0.806455 0.510024 844.359 -533.995
-0.836891 0.458376 876.224 -479.92
-0.864022 0.40492 904.631 -423.951
-0.887744 0.349865 929.468 -366.308
-0.907962 0.293429 950.636 -307.22
-0.924595 0.235835 968.051 -246.919
-0.93758 0.17731 981.646 -185.643
-0.946864 0.118085 991.366 -123.635
-0.95241 0.0583941 997.173 -61.1386
-0.954197 -0.00152726 999.045 1.59904
-0.952218 -0.0614426 996.972 64.3304
-0.946481 -0.121115 990.965 126.808
-0.937007 -0.18031 981.047 188.785
-0.923836 -0.238793 967.256 250.017
-0.907018 -0.296334 949.647 310.262
-0.886619 -0.352705 928.291 369.282
-0.862722 -0.407684 903.27 426.845
-0.835419 -0.461053 874.684 482.723
-0.804819 -0.512603 842.645 536.695
-0.771042 -0.56213 807.281 588.55
-0.734221 -0.609437 768.73 638.081
-0.694503 -0.65434 727.145 685.094
-0.652043 -0.696659 682.689 729.402
-0.60701 -0.736229 635.54 770.832
-0.559581 -0.772893 585.881 809.219
-0.509943 -0.806506 533.911 844.412
-0.458293 -0.836936 479.833 876.272
-0.404833 -0.864063 423.86 904.674
-0.349776 -0.887779 366.215 929.505
-0.293338 -0.907991 307.125 950.667
-0.235742 -0.924619 246.822 968.076
-0.177216 -0.937598 185.545 981.665
-0.11799 -0.946875 123.536 991.379
-0.0582988 -0.952416 61.0389 997.179
0.00162272 -0.954197 -1.69898 999.044
0.0615379 -0.952212 -64.4301 996.966
0.12121 -0.946469 -126.907 990.953
0.180404 -0.936989 -188.883 981.028
0.238886 -0.923812 -250.113 967.231
0.296425 -0.906988 -310.357 949.616
0.352793 -0.886584 -369.375 928.254
0.40777 -0.862681 -426.935 903.227
0.461137 -0.835373 -482.81 874.635
0.512683 -0.804767 -536.78 842.591
0.562207 -0.770985 -588.63 807.222
0.609511 -0.73416 -638.158 768.666
0.654409 -0.694437 -685.166 727.076
0.696724 -0.651974 -729.471 682.616
0.73629 -0.606937 -770.895 635.463
0.772949 -0.559504 -809.278 585.8
0.806557 -0.509863 -844.466 533.826
0.836982 -0.458209 -876.32 479.745
0.864103 -0.404747 -904.716 423.77
0.887814 -0.349687 -929.541 366.122
0.90802 -0.293247 -950.697 307.03
0.924643 -0.23565 -968.101 246.725
0.937615 -0.177122 -981.683 185.447
0.946887 -0.117896 -991.391 123.437
0.952422 -0.0582036 -997.186 60.9391
0.954197 0.00171817 -999.044 -1.79893
0.952206 0.0616331 -996.96 -64.5299
0.946456 0.121305 -990.94 -127.006
0.936971 0.180498 -981.009 -188.981
0.923788 0.238978 -967.206 -250.21
0.906958 0.296515 -949.585 -310.452
0.886549 0.352882 -928.217 -369.468
0.86264 0.407856 -903.184 -427.025
0.835327 0.46122 -874.587 -482.898
0.804716 0.512764 -842.538 -536.864
0.770929 0.562284 -807.163 -588.711
0.734099 0.609584 -768.602 -638.235
0.694372 0.654479 -727.008 -685.239
0.651904 0.69679 -682.543 -729.539
0.606863 0.736351 -635.385 -770.959
0.559426 0.773005 -585.719 -809.336
0.509782 0.806608 -533.742 -844.519
0.458125 0.837028 -479.657 -876.368
0.40466 0.864144 -423.679 -904.759
0.349598 0.887849 -366.029 -929.578
0.293156 0.90805 -306.935 -950.728
0.235557 0.924666 -246.628 -968.125
0.177028 0.937633 -185.349 -981.702
0.117801 0.946899 -123.337 -991.403
0.0581083 0.952428 -60.8394 -997.192
-0.00181362 0.954197 1.89887 -999.044
-0.0617284 0.9522 64.6296 -996.953
-0.121399 0.946444 127.105 -990.927
-0.180591 0.936953 189.079 -980.99
-0.239071 0.923764 250.307 -967.181
-0.296606 0.906929 310.546 -949.554
-0.352971 0.886514 369.56 -928.18
-0.407942 0.862599 427.116 -903.142
-0.461304 0.83528 482.985 -874.539
-0.512844 0.804665 536.948 -842.484
-0.562361 0.770873 588.792 -807.104
-0.609658 0.734038 638.312 -768.538
-0.654548 0.694307 685.312 -726.939
-0.696855 0.651834 729.607 -682.471
-0.736411 0.606789 771.023 -635.308
-0.773061 0.559349 809.395 -585.639
-0.806659 0.509701 844.572 -533.657
-0.837074 0.458042 876.416 -479.57
-0.864184 0.404574 904.801 -423.589
-0.887884 0.349509 929.614 -365.936
-0.908079 0.293065 950.759 -306.84
-0.92469 0.235465 968.15 -246.532
-0.937651 0.176935 981.72 -185.251
-0.946911 0.117706 991.416 -123.238
-0.952433 0.058013 997.198 -60.7396
-0.954197 -0.00190908 999.044 1.99881
-0.952194 -0.0618236 996.947 64.7293
-0.946432 -0.121494 990.915 127.204
-0.936935 -0.180685 980.971 189.177
-0.92374 -0.239163 967.156 250.404
-0.906899 -0.296697 949.523 310.641
-0.886478 -0.353059 928.143 369.653
-0.862559 -0.408029 903.099 427.206
-0.835234 -0.461387 874.49 483.073
-0.804613 -0.512925 842.43 537.032
-0.770817 -0.562438 807.045 588.873
-0.733977 -0.609731 768.474 638.388
-0.694241 -0.654617 726.87 685.385
-0.651765 -0.69692 682.398 729.675
-0.606716 -0.736472 635.231 771.086
-0.559272 -0.773117 585.558 809.453
-0.509621 -0.80671 533.573 844.626
-0.457958 -0.83712 479.482 876.464
-0.404488 -0.864225 423.498 904.843
-0.349421 -0.887919 365.843 929.651
-0.292975 -0.908108 306.744 950.789
-0.235372 -0.924713 246.435 968.175
-0.176841 -0.937668 185.152 981.739
-0.117611 -0.946923 123.139 991.428
-0.0579177 -0.952439 60.6399 997.204
0.00200453 -0.954196 -2.09875 999.044
0.0619189 -0.952187 -64.8291 996.94
0.121589 -0.94642 -127.303 990.902
0.180779 -0.936917 -189.275 980.952
0.239255 -0.923716 -250.5 967.131
0.296787 -0.906869 -310.736 949.492
0.353148 -0.886443 -369.746 928.106
0.408115 -0.862518 -427.296 903.056
0.461471 -0.835188 -483.16 874.442
0.513005 -0.804562 -537.117 842.377
0.562515 -0.77076 -588.953 806.986
0.609804 -0.733916 -638.465 768.41
0.654687 -0.694176 -685.457 726.802
0.696985 -0.651695 -729.744 682.325
0.736533 -0.606642 -771.15 635.154
0.773173 -0.559194 -809.512 585.477
0.806761 -0.50954 -844.679 533.488
0.837165 -0.457874 -876.512 479.394
0.864265 -0.404401 -904.886 423.408
0.887954 -0.349332 -929.688 365.75
0.908138 -0.292884 -950.82 306.649
0.924737 -0.23528 -968.199 246.338
0.937686 -0.176747 -981.757 185.054
0.946934 -0.117517 -991.44 123.04
0.952445 -0.0578224 -997.21 60.5401
0.954196 0.00209999 -999.043 -2.19869
0.952181 0.0620141 -996.934 -64.9288
0.946408 0.121683 -990.889 -127.403
0.936899 0.180873 -980.933 -189.374
0.923692 0.239348 -967.106 -250.597
0.90684 0.296878 -949.461 -310.831
0.886408 0.353237 -928.069 -369.839
0.862477 0.408201 -903.013 -427.387
0.835142 0.461554 -874.394 -483.248
0.804511 0.513086 -842.323 -537.201
0.770704 0.562592 -806.927 -589.034
0.733855 0.609878 -768.347 -638.542
0.69411 0.654756 -726.733 -685.53
0.651625 0.697051 -682.252 -729.812
0.606568 0.736593 -635.077 -771.213
0.559117 0.773229 -585.396 -809.571
0.509459 0.806812 -533.404 -844.732
0.45779 0.837211 -479.306 -876.56
0.404315 0.864306 -423.317 -904.928
0.349243 0.887989 -365.657 -929.724
0.292793 0.908167 -306.554 -950.851
0.235187 0.92476 -246.241 -968.224
0.176653 0.937704 -184.956 -981.776
0.117422 0.946946 -122.941 -991.453
0.0577272 0.952451 -60.4403 -997.216
-0.00219544 0.954196 2.29863 -999.043
-0.0621094 0.952175 65.0285 -996.927
-0.121778 0.946396 127.502 -990.876
-0.180966 0.936881 189.472 -980.914
-0.23944 0.923668 250.694 -967.081
-0.296969 0.90681 310.926 -949.43
-0.353326 0.886372 369.932 -928.032
-0.408288 0.862436 427.477 -902.971
-0.461638 0.835096 483.335 -874.345
-0.513166 0.804459 537.285 -842.269
-0.562669 0.770648 589.115 -806.868
-0.609951 0.733794 638.619 -768.283
-0.654826 0.694045 685.603 -726.665
-0.697116 0.651555 729.88 -682.179
-0.736654 0.606495 771.277 -635
-0.773285 0.55904 809.629 -585.315
-0.806863 0.509378 844.786 -533.319
-0.837257 0.457707 876.608 -479.219
-0.864346 0.404228 904.97 -423.227
-0.888024 0.349154 929.761 -365.564
-0.908196 0.292702 950.881 -306.459
-0.924784 0.235095 968.249 -246.144
-0.937721 0.176559 981.794 -184.858
-0.946958 0.117327 991.465 -122.842
-0.952456 0.0576319 997.222 -60.3406
-0.954196 -0.00229089 999.043 2.39857
-0.952169 -0.0622046 996.921 65.1282
-0.946384 -0.121873 990.864 127.601
-0.936863 -0.18106 980.895 189.57
-0.923644 -0.239533 967.056 250.791
-0.90678 -0.29706 949.399 311.021
-0.886337 -0.353414 927.995 370.025
-0.862395 -0.408374 902.928 427.567
-0.83505 -0.461722 874.297 483.422
-0.804408 -0.513247 842.215 537.369
-0.770591 -0.562746 806.809 589.195
-0.733733 -0.610025 768.219 638.696
-0.693979 -0.654895 726.596 685.675
-0.651486 -0.697181 682.105 729.948
-0.606421 -0.736715 634.923 771.34
-0.558962 -0.773341 585.234 809.688
-0.509298 -0.806914 533.235 844.839
-0.457623 -0.837303 479.131 876.656
-0.404142 -0.864387 423.136 905.013
-0.349065 -0.888059 365.471 929.797
-0.292611 -0.908225 306.364 950.912
-0.235002 -0.924807 246.047 968.273
-0.176466 -0.937739 184.759 981.813
-0.117232 -0.94697 122.742 991.477
-0.0575366 -0.952462 60.2408 997.228
0.00238635 -0.954195 -2.49851 999.043
0.0622999 -0.952163 -65.228 996.914
0.121968 -0.946371 -127.7 990.851
0.181154 -0.936845 -189.668 980.876
0.239625 -0.92362 -250.887 967.031
0.29715 -0.90675 -311.116 949.368
0.353503 -0.886302 -370.117 927.958
0.40846 -0.862354 -427.658 902.885
0.461805 -0.835003 -483.51 874.249
0.513327 -0.804357 -537.454 842.162
0.562823 -0.770535 -589.276 806.75
0.610098 -0.733672 -638.773 768.155
0.654965 -0.693914 -685.748 726.527
0.697246 -0.651416 -730.017 682.032
0.736775 -0.606347 -771.404 634.845
0.773397 -0.558885 -809.746 585.153
0.806965 -0.509217 -844.893 533.15
0.837349 -0.457539 -876.704 479.043
0.864427 -0.404055 -905.055 423.046
0.888094 -0.348976 -929.834 365.378
0.908255 -0.29252 -950.943 306.269
0.924831 -0.23491 -968.298 245.95
0.937757 -0.176372 -981.831 184.661
0.946981 -0.117138 -991.489 122.643
0.952468 -0.0574413 -997.234 60.1411
0.954195 0.0024818 -999.042 -2.59845
0.952156 0.0623951 -996.908 -65.3277
0.946359 0.122062 -990.838 -127.799
0.936827 0.181247 -980.857 -189.766
0.923596 0.239717 -967.005 -250.984
0.906721 0.297241 -949.337 -311.211
0.886266 0.353591 -927.921 -370.21
0.862314 0.408546 -902.842 -427.748
0.834957 0.461889 -874.2 -483.597
0.804305 0.513408 -842.108 -537.538
0.770479 0.562901 -806.691 -589.357
0.733611 0.610171 -768.091 -638.85
0.693848 0.655034 -726.459 -685.821
0.651346 0.697311 -681.959 -730.085
0.606273 0.736836 -634.768 -771.467
0.558808 0.773452 -585.072 -809.805
0.509136 0.807016 -533.066 -844.946
0.457455 0.837394 -478.956 -876.752
0.403969 0.864467 -422.955 -905.097
0.348888 0.888128 -365.285 -929.87
0.29243 0.908284 -306.174 -950.973
0.234817 0.924854 -245.854 -968.323
0.176278 0.937774 -184.563 -981.85
0.117043 0.946993 -122.544 -991.502
0.057346 0.952474 -60.0413 -997.24
-0.00257725 0.954195 2.69839 -999.042
-0.0624904 0.95215 65.4274 -996.901
-0.122157 0.946347 127.898 -990.825
-0.181341 0.936808 189.864 -980.838
-0.23981 0.923572 251.081 -966.98
-0.297332 0.906691 311.306 -949.305
-0.35368 0.886231 370.303 -927.884
-0.408633 0.862273 427.838 -902.799
-0.461972 0.834911 483.685 -874.152
-0.513488 0.804254 537.622 -842.054
-0.562978 0.770423 589.438 -806.632
-0.610245 0.73355 638.926 -768.027
-0.655103 0.693783 685.893 -726.39
-0.697376 0.651276 730.153 -681.886
-0.736897 0.6062 771.531 -634.691
-0.773508 0.55873 809.863 -584.991
-0.807067 0.509056 844.999 -532.981
-0.83744 0.457372 876.8 -478.868
-0.864508 0.403882 905.14 -422.865
-0.888163 0.348799 929.907 -365.192
-0.908313 0.292339 951.004 -306.079
-0.924878 0.234725 968.347 -245.757
-0.937792 0.176184 981.868 -184.465
-0.947005 0.116948 991.514 -122.445
-0.952479 0.0572508 997.246 -59.9415
-0.954195 -0.00267271 999.042 2.79833
-0.952144 -0.0625856 996.895 65.5272
-0.946335 -0.122252 990.812 127.997
-0.93679 -0.181435 980.819 189.962
-0.923548 -0.239902 966.955 251.178
-0.906661 -0.297422 949.274 311.401
-0.886195 -0.353769 927.847 370.396
-0.862232 -0.408719 902.757 427.929
-0.834865 -0.462056 874.103 483.772
-0.804203 -0.513569 842 537.706
-0.770366 -0.563055 806.573 589.518
-0.733489 -0.610318 767.963 639.003
-0.693717 -0.655173 726.322 685.966
-0.651207 -0.697441 681.813 730.221
-0.606126 -0.736957 634.614 771.594
-0.558653 -0.773564 584.91 809.922
-0.508975 -0.807118 532.897 845.052
-0.457288 -0.837486 478.78 876.848
-0.403796 -0.864548 422.774 905.182
-0.34871 -0.888198 365.099 929.944
-0.292248 -0.908342 305.983 951.035
-0.234632 -0.924901 245.66 968.372
-0.17609 -0.93781 184.367 981.887
-0.116854 -0.947016 122.346 991.526
-0.0571555 -0.952485 59.8418 997.252
0.00276816 -0.954194 -2.89827 999.042
0.0626809 -0.952138 -65.6269 996.888
0.122346 -0.946322 -128.096 990.8
0.181529 -0.936772 -190.06 980.8
0.239994 -0.923524 -251.274 966.93
0.297513 -0.906631 -311.496 949.243
0.353857 -0.88616 -370.489 927.81
0.408805 -0.862191 -428.019 902.714
0.462139 -0.834819 -483.86 874.055
0.513649 -0.804151 -537.791 841.946
0.563132 -0.77031 -589.599 806.514
0.610392 -0.733428 -639.08 767.899
0.655242 -0.693651 -686.039 726.253
0.697507 -0.651137 -730.289 681.74
0.737018 -0.606052 -771.658 634.537
0.77362 -0.558576 -809.98 584.829
0.807169 -0.508894 -845.106 532.812
0.837532 -0.457204 -876.896 478.693
0.864589 -0.403709 -905.224 422.684
0.888233 -0.348621 -929.98 365.006
0.908372 -0.292157 -951.065 305.888
0.924925 -0.23454 -968.396 245.563
0.937827 -0.175997 -981.905 184.268
0.947028 -0.116759 -991.538 122.246
0.952491 -0.0570602 -997.258 59.742
0.954194 0.00286362 -999.041 -2.99821
0.952131 0.0627761 -996.881 -65.7266
0.94631 0.122441 -990.787 -128.196
0.936754 0.181622 -980.781 -190.159
0.9235 0.240087 -966.905 -251.371
0.906602 0.297604 -949.212 -311.591
0.886125 0.353946 -927.773 -370.582
0.86215 0.408891 -902.671 -428.109
0.834772 0.462223 -874.007 -483.947
0.8041 0.51373 -841.893 -537.875
0.770254 0.563209 -806.455 -589.68
0.733367 0.610465 -767.835 -639.157
0.693586 0.655312 -726.184 -686.111
0.651067 0.697572 -681.667 -730.358
0.605979 0.737079 -634.46 -771.721
0.558498 0.773676 -584.748 -810.039
0.508813 0.80722 -532.728 -845.159
0.45712 0.837577 -478.605 -876.944
0.403623 0.864629 -422.593 -905.267
0.348532 0.888268 -364.913 -930.017
0.292066 0.908401 -305.793 -951.096
0.234447 0.924948 -245.466 -968.421
0.175903 0.937845 -184.17 -981.924
0.116664 0.94704 -122.147 -991.551
0.0569649 0.952497 -59.6423 -997.264
-0.00295907 0.954194 3.09815 -999.041
-0.0628714 0.952125 65.8263 -996.875
-0.122536 0.946298 128.295 -990.774
-0.181716 0.936736 190.257 -980.762
-0.240179 0.923476 251.468 -966.88
-0.297695 0.906572 311.686 -949.181
-0.354035 0.886089 370.674 -927.735
-0.408978 0.862109 428.2 -902.628
-0.462306 0.834726 484.035 -873.958
-0.51381 0.804048 537.959 -841.839
-0.563286 0.770197 589.76 -806.397
-0.610538 0.733306 639.234 -767.771
-0.655381 0.69352 686.184 -726.116
-0.697637 0.650997 730.426 -681.594
-0.737139 0.605905 771.785 -634.382
-0.773732 0.558421 810.097 -584.666
-0.807271 0.508733 845.212 -532.643
-0.837623 0.457036 876.991 -478.517
-0.864669 0.403536 905.309 -422.502
-0.888303 0.348443 930.053 -364.82
-0.90843 0.291975 951.126 -305.698
-0.924972 0.234355 968.445 -245.369
-0.937862 0.175809 981.942 -184.072
-0.947051 0.116569 991.563 -122.048
-0.952502 0.0568696 997.27 -59.5425
-0.954194 -0.00305452 999.041 3.19809
-0.952119 -0.0629666 996.868 65.926
-0.946286 -0.12263 990.761 128.394
-0.936718 -0.18181 980.743 190.355
-0.923452 -0.240272 966.855 251.564
-0.906542 -0.297785 949.15 311.781
-0.886054 -0.354123 927.698 370.767
-0.862068 -0.409064 902.585 428.29
-0.83468 -0.46239 873.91 484.122
-0.803997 -0.51389 841.785 538.043
-0.770141 -0.563363 806.338 589.841
-0.733245 -0.610612 767.707 639.31
-0.693455 -0.65545 726.047 686.257
-0.650928 -0.697702 681.521 730.494
-0.605831 -0.7372 634.305 771.848
-0.558343 -0.773788 584.585 810.156
-0.508652 -0.807322 532.558 845.266
-0.456953 -0.837669 478.429 877.039
-0.40345 -0.86471 422.412 905.351
-0.348355 -0.888338 364.727 930.09
-0.291884 -0.908459 305.603 951.157
-0.234262 -0.924995 245.272 968.47
-0.175715 -0.93788 183.974 981.96
-0.116475 -0.947063 121.949 991.575
-0.0567743 -0.952508 59.4427 997.276
0.00314998 -0.954193 -3.29803 999.04
0.0630619 -0.952112 -66.0258 996.862
0.122725 -0.946273 -128.493 990.748
0.181903 -0.936699 -190.453 980.724
0.240364 -0.923428 -251.661 966.829
0.297876 -0.906512 -311.876 949.118
0.354212 -0.886018 -370.86 927.661
0.40915 -0.862027 -428.38 902.543
0.462473 -0.834634 -484.209 873.861
0.513971 -0.803946 -538.128 841.731
0.56344 -0.770085 -589.922 806.278
0.610685 -0.733184 -639.387 767.643
0.65552 -0.693389 -686.329 725.978
0.697767 -0.650858 -730.562 681.448
0.73726 -0.605757 -771.912 634.228
0.773844 -0.558266 -810.214 584.504
0.807372 -0.508571 -845.319 532.474
0.837715 -0.456869 -877.087 478.342
0.86475 -0.403363 -905.393 422.321
0.888373 -0.348266 -930.126 364.634
0.908488 -0.291793 -951.187 305.508
0.925019 -0.234169 -968.494 245.175
0.937898 -0.175621 -981.979 183.875
0.947075 -0.11638 -991.587 121.85
0.952514 -0.0566791 -997.282 59.343
0.954193 0.00324543 -999.04 -3.39797
0.952106 0.0631571 -996.855 -66.1255
0.946261 0.122819 -990.735 -128.592
0.936681 0.181997 -980.705 -190.551
0.923404 0.240456 -966.804 -251.758
0.906483 0.297967 -949.087 -311.971
0.885983 0.354301 -927.624 -370.953
0.861986 0.409236 -902.5 -428.47
0.834587 0.462557 -873.813 -484.297
0.803894 0.514051 -841.677 -538.212
0.770028 0.563517 -806.219 -590.002
0.733123 0.610758 -767.579 -639.464
0.693324 0.655589 -725.91 -686.402
0.650788 0.697832 -681.375 -730.63
0.605684 0.737321 -634.151 -771.975
0.558188 0.773899 -584.423 -810.273
0.50849 0.807423 -532.389 -845.372
0.456785 0.83776 -478.254 -877.135
0.403277 0.86479 -422.231 -905.436
0.348177 0.888407 -364.541 -930.163
0.291703 0.908518 -305.413 -951.218
0.234077 0.925042 -245.079 -968.519
0.175527 0.937915 -183.777 -981.997
0.116285 0.947086 -121.75 -991.599
0.0565838 0.952519 -59.2432 -997.288
-0.00334088 0.954193 3.4979 -999.04
-0.0632524 0.9521 66.2252 -996.848
-0.122914 0.946249 128.691 -990.723
-0.182091 0.936663 190.649 -980.686
-0.240549 0.92338 251.855 -966.779
-0.298057 0.906453 312.066 -949.056
-0.354389 0.885947 371.046 -927.587
-0.409323 0.861945 428.561 -902.457
-0.46264 0.834541 484.384 -873.765
-0.514132 0.803843 538.296 -841.623
-0.563594 0.769972 590.083 -806.16
-0.610832 0.733062 639.541 -767.516
-0.655658 0.693258 686.474 -725.841
-0.697897 0.650718 730.699 -681.302
-0.737382 0.60561 772.038 -634.073
-0.773955 0.558111 810.331 -584.342
-0.807474 0.508409 845.425 -532.305
-0.837806 0.456701 877.183 -478.166
-0.864831 0.40319 905.478 -422.14
-0.888442 0.348088 930.199 -364.448
-0.908547 0.291612 951.249 -305.317
-0.925065 0.233984 968.543 -244.982
-0.937933 0.175434 982.016 -183.679
-0.947098 0.11619 991.612 -121.651
-0.952525 0.0564885 997.294 -59.1434
-0.954192 -0.00343634 999.039 3.59784
-0.952093 -0.0633476 996.842 66.3249
-0.946237 -0.123009 990.71 128.79
-0.936645 -0.182185 980.667 190.747
-0.923356 -0.240641 966.754 251.951
-0.906423 -0.298148 949.025 312.161
-0.885912 -0.354478 927.55 371.138
-0.861904 -0.409409 902.414 428.651
-0.834495 -0.462724 873.716 484.472
-0.803791 -0.514212 841.57 538.38
-0.769915 -0.563671 806.101 590.164
-0.733001 -0.610905 767.452 639.618
-0.693192 -0.655728 725.772 686.547
-0.650648 -0.697962 681.229 730.767
-0.605536 -0.737442 633.996 772.102
-0.558034 -0.774011 584.261 810.39
-0.508329 -0.807525 532.22 845.479
-0.456617 -0.837852 478.078 877.231
-0.403104 -0.864871 422.05 905.52
-0.347999 -0.888477 364.355 930.235
-0.291521 -0.908576 305.222 951.279
-0.233892 -0.925089 244.885 968.568
-0.17534 -0.93795 183.581 982.034
-0.116096 -0.94711 121.552 991.624
-0.0563932 -0.952531 59.0437 997.3
0.00353179 -0.954192 -3.69778 999.039
0.0634428 -0.952087 -66.4247 996.835
0.123103 -0.946224 -128.889 990.697
0.182278 -0.936627 -190.845 980.648
0.240733 -0.923332 -252.048 966.729
0.298239 -0.906393 -312.256 948.994
0.354567 -0.885877 -371.231 927.513
0.409495 -0.861863 -428.741 902.371
0.462807 -0.834449 -484.559 873.668
0.514293 -0.80374 -538.464 841.516
0.563748 -0.769859 -590.244 806.042
0.610978 -0.732939 -639.694 767.388
0.655797 -0.693127 -686.62 725.704
0.698028 -0.650578 -730.835 681.156
0.737503 -0.605462 -772.165 633.919
0.774067 -0.557956 -810.448 584.18
0.807576 -0.508248 -845.532 532.136
0.837897 -0.456534 -877.278 477.991
0.864911 -0.403017 -905.562 421.959
0.888512 -0.34791 -930.272 364.262
0.908605 -0.29143 -951.31 305.127
0.925112 -0.233799 -968.592 244.788
0.937968 -0.175246 -982.052 183.482
0.947121 -0.116001 -991.636 121.453
0.952536 -0.0562979 -997.305 58.9439
0.954192 0.00362724 -999.039 -3.79772
0.952081 0.0635381 -996.828 -66.5244
0.946212 0.123198 -990.684 -128.988
0.936608 0.182372 -980.629 -190.943
0.923308 0.240826 -966.703 -252.145
0.906363 0.298329 -948.962 -312.351
0.885841 0.354655 -927.476 -371.324
0.861822 0.409581 -902.328 -428.831
0.834402 0.462891 -873.619 -484.646
0.803688 0.514373 -841.462 -538.548
0.769803 0.563825 -805.983 -590.325
0.732878 0.611052 -767.324 -639.771
0.693061 0.655867 -725.635 -686.692
0.650509 0.698093 -681.083 -730.903
0.605388 0.737563 -633.842 -772.229
0.557879 0.774123 -584.099 -810.506
0.508167 0.807627 -532.051 -845.585
0.45645 0.837943 -477.903 -877.326
0.402931 0.864952 -421.868 -905.605
0.347821 0.888547 -364.169 -930.308
0.291339 0.908634 -305.032 -951.34
0.233707 0.925136 -244.691 -968.617
0.175152 0.937985 -183.384 -982.071
0.115906 0.947133 -121.354 -991.648
0.0562026 0.952542 -58.8441 -997.311
-0.0037227 0.954191 3.89766 -999.038
-0.0636333 0.952074 66.6241 -996.822
-0.123293 0.9462 129.088 -990.671
-0.182466 0.93659 191.041 -980.61
-0.240918 0.923284 252.241 -966.678
-0.29842 0.906333 312.446 -948.931
-0.354744 0.885806 371.417 -927.438
-0.409667 0.861781 428.922 -902.285
-0.462974 0.834356 484.734 -873.571
-0.514453 0.803637 538.633 -841.408
-0.563902 0.769746 590.405 -805.924
-0.611125 0.732817 639.848 -767.26
-0.655936 0.692996 686.765 -725.566
-0.698158 0.650439 730.971 -681.009
-0.737624 0.605315 772.292 -633.764
-0.774179 0.557801 810.565 -584.018
-0.807678 0.508086 845.638 -531.966
-0.837989 0.456366 877.374 -477.815
-0.864992 0.402844 905.647 -421.778
-0.888581 0.347732 930.345 -364.076
-0.908663 0.291248 951.371 -304.937
-0.925159 0.233614 968.641 -244.594
-0.938003 0.175058 982.089 -183.286
-0.947144 0.115811 991.66 -121.254
-0.952547 0.0561073 997.317 -58.7444
-0.954191 -0.00381815 999.038 3.9976
-0.952068 -0.0637286 996.815 66.7238
-0.946187 -0.123387 990.658 129.187
-0.936572 -0.182559 980.591 191.14
-0.92326 -0.241011 966.653 252.338
-0.906304 -0.298511 948.9 312.541
-0.88577 -0.354832 927.401 371.509
-0.861741 -0.409754 902.242 429.012
-0.83431 -0.463058 873.522 484.821
-0.803586 -0.514534 841.354 538.717
-0.76969 -0.563979 805.865 590.486
-0.732756 -0.611198 767.196 639.925
-0.69293 -0.656005 725.498 686.837
-0.650369 -0.698223 680.936 731.039
-0.605241 -0.737684 633.687 772.356
-0.557724 -0.774234 583.937 810.623
-0.508006 -0.807728 531.882 845.692
-0.456282 -0.838034 477.727 877.422
-0.402758 -0.865032 421.687 905.689
-0.347643 -0.888616 363.983 930.381
-0.291157 -0.908693 304.842 951.401
-0.233522 -0.925182 244.497 968.666
-0.174964 -0.93802 183.188 982.107
-0.115717 -0.947156 121.155 991.672
-0.056012 -0.952553 58.6446 997.323
0.0039136 -0.95419 -4.09754 999.037
0.0638238 -0.952062 -66.8235 996.808
0.123482 -0.946175 -129.286 990.645
0.182653 -0.936554 -191.238 980.572
0.241103 -0.923236 -252.435 966.628
0.298601 -0.906274 -312.636 948.869
0.354921 -0.885735 -371.602 927.364
0.40984 -0.8617 -429.102 902.199
0.463141 -0.834263 -484.909 873.474
0.514614 -0.803534 -538.801 841.3
0.564056 -0.769633 -590.567 805.806
0.611272 -0.732695 -640.001 767.132
0.656074 -0.692864 -686.91 725.429
0.698288 -0.650299 -731.107 680.863
0.737745 -0.605167 -772.419 633.61
0.77429 -0.557646 -810.682 583.856
0.807779 -0.507925 -845.745 531.797
0.83808 -0.456198 -877.47 477.64
0.865073 -0.402671 -905.731 421.597
0.888651 -0.347555 -930.418 363.89
0.908722 -0.291066 -951.432 304.746
0.925206 -0.233429 -968.69 244.4
0.938038 -0.174871 -982.126 183.09
0.947168 -0.115622 -991.684 121.056
0.952559 -0.0559168 -997.329 58.5448
0.95419 0.00400906 -999.037 -4.19748
0.952055 0.063919 -996.802 -66.9232
0.946163 0.123577 -990.632 -129.385
0.936535 0.182747 -980.552 -191.336
0.923212 0.241195 -966.602 -252.531
0.906244 0.298692 -948.837 -312.73
0.885699 0.35501 -927.327 -371.695
0.861659 0.409926 -902.156 -429.193
0.834217 0.463224 -873.425 -484.996
0.803483 0.514694 -841.246 -538.885
0.769577 0.564133 -805.747 -590.647
0.732634 0.611345 -767.067 -640.078
0.692799 0.656144 -725.36 -686.983
0.650229 0.698353 -680.79 -731.175
0.605093 0.737805 -633.533 -772.482
0.557569 0.774346 -583.775 -810.74
0.507844 0.80783 -531.713 -845.798
0.456114 0.838126 -477.552 -877.517
0.402585 0.865113 -421.506 -905.773
0.347466 0.888686 -363.797 -930.454
0.290975 0.908751 -304.651 -951.462
0.233337 0.925229 -244.303 -968.715
0.174777 0.938055 -182.991 -982.144
0.115527 0.947179 -120.957 -991.696
0.0558215 0.952564 -58.4451 -997.335
-0.00410451 0.95419 4.29742 -999.037
-0.0640143 0.952049 67.023 -996.795
-0.123671 0.94615 129.484 -990.619
-0.18284 0.936517 191.434 -980.533
-0.241288 0.923187 252.628 -966.577
-0.298783 0.906214 312.825 -948.806
-0.355098 0.885664 371.788 -927.29
-0.410012 0.861618 429.283 -902.114
-0.463308 0.834171 485.083 -873.377
-0.514775 0.803431 538.969 -841.192
-0.56421 0.76952 590.728 -805.688
-0.611418 0.732573 640.155 -767.003
-0.656213 0.692733 687.055 -725.292
-0.698418 0.650159 731.244 -680.717
-0.737866 0.605019 772.546 -633.455
-0.774402 0.557492 810.799 -583.694
-0.807881 0.507763 845.851 -531.628
-0.838171 0.456031 877.565 -477.464
-0.865153 0.402498 905.815 -421.415
-0.88872 0.347377 930.49 -363.704
-0.90878 0.290884 951.493 -304.556
-0.925252 0.233244 968.739 -244.206
-0.938073 0.174683 982.162 -182.893
-0.947191 0.115432 991.709 -120.858
-0.95257 0.0557262 997.341 -58.3453
-0.954189 -0.00419996 999.036 4.39736
-0.952042 -0.0641095 996.788 67.1227
-0.946138 -0.123766 990.606 129.583
-0.936499 -0.182934 980.514 191.532
-0.923163 -0.24138 966.552 252.725
-0.906184 -0.298873 948.775 312.92
-0.885628 -0.355187 927.253 371.881
-0.861576 -0.410098 902.071 429.373
-0.834124 -0.463391 873.328 485.171
-0.80338 -0.514855 841.138 539.053
-0.769464 -0.564287 805.629 590.808
-0.732511 -0.611491 766.939 640.232
-0.692667 -0.656282 725.223 687.128
-0.65009 -0.698483 680.644 731.312
-0.604946 -0.737926 633.378 772.609
-0.557414 -0.774457 583.612 810.857
-0.507682 -0.807932 531.543 845.904
-0.455947 -0.838217 477.376 877.613
-0.402411 -0.865193 421.325 905.858
-0.347288 -0.888755 363.61 930.527
-0.290794 -0.908809 304.461 951.523
-0.233151 -0.925276 244.11 968.764
-0.174589 -0.93809 182.795 982.181
-0.115338 -0.947202 120.758 991.721
-0.0556309 -0.952575 58.2455 997.346
0.00429542 -0.954189 -4.4973 999.036
0.0642048 -0.952036 -67.2224 996.782
0.123861 -0.946125 -129.682 990.593
0.183028 -0.93648 -191.63 980.495
0.241472 -0.923139 -252.822 966.527
0.298964 -0.906154 -313.015 948.743
0.355275 -0.885593 -371.973 927.215
0.410185 -0.861535 -429.463 902.028
0.463475 -0.834078 -485.258 873.28
0.514936 -0.803328 -539.138 841.085
0.564364 -0.769408 -590.889 805.57
0.611565 -0.73245 -640.308 766.875
0.656352 -0.692602 -687.2 725.154
0.698548 -0.65002 -731.38 680.571
0.737987 -0.604872 -772.672 633.301
0.774513 -0.557337 -810.915 583.531
0.807982 -0.507601 -845.958 531.459
0.838262 -0.455863 -877.661 477.288
0.865234 -0.402325 -905.9 421.234
0.88879 -0.347199 -930.563 363.517
0.908838 -0.290703 -951.553 304.366
0.925299 -0.233059 -968.788 244.013
0.938108 -0.174495 -982.199 182.697
0.947214 -0.115243 -991.733 120.659
0.952581 -0.0555356 -997.352 58.1458
0.954188 0.00439087 -999.035 -4.59724
0.95203 0.0643 -996.775 -67.3221
0.946113 0.123955 -990.58 -129.781
0.936462 0.183121 -980.476 -191.728
0.923115 0.241565 -966.501 -252.918
0.906124 0.299055 -948.712 -313.11
0.885557 0.355364 -927.178 -372.066
0.861494 0.410271 -901.985 -429.553
0.834031 0.463558 -873.231 -485.345
0.803277 0.515016 -841.031 -539.222
0.769351 0.564441 -805.511 -590.97
0.732389 0.611638 -766.811 -640.385
0.692536 0.656421 -725.085 -687.273
0.64995 0.698613 -680.497 -731.448
0.604798 0.738048 -633.223 -772.736
0.557259 0.774569 -583.45 -810.974
0.507521 0.808033 -531.374 -846.011
0.455779 0.838308 -477.201 -877.708
0.402238 0.865274 -421.144 -905.942
0.34711 0.888825 -363.424 -930.599
0.290612 0.908867 -304.27 -951.584
0.232966 0.925322 -243.916 -968.812
0.174401 0.938125 -182.598 -982.217
0.115148 0.947225 -120.56 -991.745
0.0554403 0.952587 -58.046 -997.358
-0.00448632 0.954188 4.69718 -999.035
-0.0643952 0.952023 67.4218 -996.768
-0.12405 0.946101 129.88 -990.567
-0.183215 0.936444 191.826 -980.457
-0.241657 0.923091 253.015 -966.476
-0.299145 0.906094 313.205 -948.681
-0.355453 0.885521 372.159 -927.141
-0.410357 0.861453 429.644 -901.942
-0.463642 0.833985 485.433 -873.182
-0.515096 0.803225 539.306 -840.977
-0.564518 0.769295 591.05 -805.452
-0.611711 0.732328 640.462 -766.747
-0.65649 0.69247 687.345 -725.017
-0.698678 0.64988 731.516 -680.424
-0.738108 0.604724 772.799 -633.146
-0.774625 0.557182 811.032 -583.369
-0.808084 0.50744 846.064 -531.289
-0.838354 0.455695 877.756 -477.113
-0.865314 0.402152 905.984 -421.053
-0.888859 0.347021 930.636 -363.331
-0.908896 0.290521 951.614 -304.175
-0.925346 0.232874 968.837 -243.819
-0.938143 0.174308 982.235 -182.5
-0.947237 0.115053 991.757 -120.461
-0.952592 0.055345 997.364 -57.9462
-0.954187 -0.00458177 999.034 4.79712
-0.952017 -0.0644905 996.761 67.5215
-0.946088 -0.124145 990.554 129.979
-0.936425 -0.183309 980.437 191.924
-0.923067 -0.241749 966.451 253.112
-0.906064 -0.299236 948.649 313.3
-0.885486 -0.355541 927.104 372.252
-0.861412 -0.410443 901.899 429.734
-0.833939 -0.463725 873.134 485.52
-0.803174 -0.515177 840.923 539.39
-0.769238 -0.564595 805.392 591.131
-0.732267 -0.611785 766.683 640.538
-0.692405 -0.656559 724.948 687.418
-0.64981 -0.698743 680.351 731.584
-0.60465 -0.738168 633.069 772.862
-0.557104 -0.77468 583.288 811.09
-0.507359 -0.808135 531.205 846.117
-0.455611 -0.838399 477.025 877.804
-0.402065 -0.865354 420.962 906.026
-0.346932 -0.888894 363.238 930.672
-0.29043 -0.908925 304.08 951.645
-0.232781 -0.925369 243.722 968.861
-0.174214 -0.93816 182.402 982.254
-0.114959 -0.947248 120.362 991.769
-0.0552497 -0.952598 57.8464 997.37
0.00467723 -0.954187 -4.89706 999.034
0.0645857 -0.95201 -67.6212 996.755
0.124239 -0.946076 -130.079 990.541
0.183402 -0.936407 -192.022 980.418
0.241842 -0.923042 -253.208 966.425
0.299326 -0.906034 -313.395 948.618
0.35563 -0.88545 -372.344 927.066
0.410529 -0.861371 -429.824 901.856
0.463808 -0.833892 -485.607 873.085
0.515257 -0.803122 -539.474 840.869
0.564672 -0.769182 -591.211 805.333
0.611858 -0.732205 -640.615 766.619
0.656629 -0.692339 -687.49 724.879
0.698808 -0.64974 -731.652 680.278
0.738229 -0.604576 -772.926 632.992
0.774736 -0.557027 -811.149 583.207
0.808185 -0.507278 -846.17 531.12
0.838445 -0.455527 -877.852 476.937
0.865395 -0.401979 -906.068 420.872
0.888929 -0.346843 -930.708 363.145
0.908954 -0.290339 -951.675 303.985
0.925392 -0.232689 -968.886 243.625
0.938177 -0.17412 -982.272 182.303
0.94726 -0.114864 -991.781 120.262
0.952603 -0.0551544 -997.375 57.7467
0.954187 0.00477268 -999.033 -4.997
0.952004 0.0646809 -996.748 -67.7209
0.946063 0.124334 -990.528 -130.178
0.936389 0.183496 -980.399 -192.12
0.923018 0.241934 -966.4 -253.305
0.906004 0.299417 -948.587 -313.49
0.885415 0.355718 -927.029 -372.437
0.86133 0.410615 -901.813 -429.914
0.833846 0.463892 -873.037 -485.695
0.80307 0.515337 -840.815 -539.558
0.769125 0.564749 -805.274 -591.292
0.732144 0.611931 -766.555 -640.692
0.692273 0.656698 -724.81 -687.563
0.64967 0.698873 -680.205 -731.72
0.604503 0.738289 -632.914 -772.989
0.556949 0.774792 -583.126 -811.207
0.507197 0.808236 -531.036 -846.223
0.455444 0.83849 -476.849 -877.899
0.401892 0.865435 -420.781 -906.11
0.346754 0.888964 -363.052 -930.745
0.290248 0.908983 -303.89 -951.706
0.232596 0.925415 -243.528 -968.91
0.174026 0.938195 -182.205 -982.29
0.114769 0.947271 -120.163 -991.793
0.0550591 0.952609 -57.6469 -997.381
-0.00486813 0.954186 5.09694 -999.033
-0.0647762 0.951997 67.8207 -996.741
-0.124429 0.946051 130.277 -990.515
-0.18359 0.93637 192.219 -980.38
-0.242026 0.922994 253.402 -966.375
-0.299508 0.905975 313.585 -948.555
-0.355807 0.885379 372.53 -926.992
-0.410702 0.861289 430.005 -901.77
-0.463975 0.8338 485.782 -872.988
-0.515418 0.803019 539.642 -840.761
-0.564826 0.769069 591.372 -805.215
-0.612004 0.732083 640.768 -766.491
-0.656767 0.692208 687.635 -724.741
-0.698938 0.6496 731.788 -680.131
-0.73835 0.604429 773.052 -632.837
-0.774848 0.556872 811.265 -583.045
-0.808287 0.507116 846.276 -530.951
-0.838536 0.45536 877.947 -476.762
-0.865475 0.401806 906.152 -420.69
-0.888998 0.346665 930.781 -362.959
-0.909012 0.290157 951.736 -303.794
-0.925439 0.232503 968.934 -243.431
-0.938212 0.173932 982.308 -182.107
-0.947283 0.114674 991.805 -120.064
-0.952614 0.0549638 997.387 -57.5471
-0.954186 -0.00496359 999.032 5.19687
-0.951991 -0.0648714 996.734 67.9204
-0.946038 -0.124523 990.502 130.376
-0.936352 -0.183683 980.361 192.317
-0.92297 -0.242119 966.349 253.498
-0.905945 -0.299598 948.524 313.679
-0.885344 -0.355895 926.955 372.622
-0.861248 -0.410788 901.727 430.095
-0.833753 -0.464059 872.939 485.869
-0.802967 -0.515498 840.707 539.726
-0.769012 -0.564903 805.156 591.453
-0.732022 -0.612077 766.427 640.845
-0.692142 -0.656836 724.673 687.708
-0.64953 -0.699003 680.058 731.856
-0.604355 -0.73841 632.76 773.116
-0.556794 -0.774903 582.963 811.324
-0.507036 -0.808338 530.866 846.329
-0.455276 -0.838581 476.674 877.995
-0.401719 -0.865515 420.6 906.194
-0.346577 -0.889033 362.866 930.817
-0.290066 -0.909041 303.699 951.766
-0.232411 -0.925462 243.334 968.959
-0.173838 -0.93823 182.009 982.326
-0.11458 -0.947294 119.965 991.817
-0.0548685 -0.95262 57.4474 997.393
0.00505904 -0.954185 -5.29681 999.032
0.0649666 -0.951984 -68.0201 996.728
0.124618 -0.946026 -130.475 990.489
0.183777 -0.936334 -192.415 980.341
0.242211 -0.922946 -253.595 966.324
0.299689 -0.905915 -313.774 948.493
0.355984 -0.885308 -372.715 926.917
0.410874 -0.861207 -430.185 901.684
0.464142 -0.833707 -485.957 872.891
0.515578 -0.802916 -539.811 840.653
0.56498 -0.768956 -591.534 805.097
0.612151 -0.731961 -640.922 766.363
0.656906 -0.692076 -687.78 724.604
0.699068 -0.64946 -731.924 679.985
0.738471 -0.604281 -773.179 632.682
0.774959 -0.556717 -811.382 582.882
0.808388 -0.506955 -846.383 530.782
0.838627 -0.455192 -878.042 476.586
0.865555 -0.401632 -906.237 420.509
0.889068 -0.346488 -930.854 362.772
0.90907 -0.289975 -951.797 303.604
0.925485 -0.232318 -968.983 243.237
0.938247 -0.173744 -982.345 181.91
0.947306 -0.114485 -991.829 119.866
0.952625 -0.0547732 -997.399 57.3476
0.954185 0.00515449 -999.031 -5.39675
0.951978 0.0650619 -996.721 -68.1198
0.946013 0.124712 -990.476 -130.574
0.936315 0.183871 -980.322 -192.513
0.922921 0.242303 -966.299 -253.692
0.905885 0.29978 -948.461 -313.869
0.885272 0.356073 -926.88 -372.808
0.861166 0.41096 -901.641 -430.275
0.83366 0.464226 -872.842 -486.044
0.802864 0.515659 -840.599 -539.895
0.768899 0.565056 -805.037 -591.614
0.731899 0.612224 -766.299 -640.998
0.692011 0.656975 -724.535 -687.853
0.64939 0.699133 -679.912 -731.992
0.604207 0.738531 -632.605 -773.242
0.556639 0.775015 -582.801 -811.44
0.506874 0.808439 -530.697 -846.436
0.455108 0.838672 -476.498 -878.09
0.401546 0.865596 -420.418 -906.279
0.346399 0.889102 -362.679 -930.89
0.289884 0.909099 -303.509 -951.827
0.232226 0.925508 -243.14 -969.007
0.173651 0.938264 -181.812 -982.363
0.11439 0.947317 -119.766 -991.841
0.0546779 0.952631 -57.2478 -997.404
-0.00524994 0.954184 5.49669 -999.031
-0.0651571 0.951971 68.2195 -996.714
-0.124807 0.946001 130.673 -990.463
-0.183964 0.936297 192.611 -980.303
-0.242396 0.922897 253.788 -966.273
-0.29987 0.905855 313.964 -948.43
-0.356161 0.885237 372.901 -926.843
-0.411046 0.861125 430.365 -901.598
-0.464309 0.833614 486.131 -872.794
-0.515739 0.802813 539.979 -840.545
-0.565133 0.768843 591.695 -804.978
-0.612297 0.731838 641.075 -766.234
-0.657044 0.691945 687.925 -724.466
-0.699198 0.649321 732.06 -679.839
-0.738592 0.604133 773.306 -632.528
-0.77507 0.556561 811.499 -582.72
-0.80849 0.506793 846.489 -530.612
-0.838718 0.455024 878.138 -476.41
-0.865636 0.401459 906.321 -420.328
-0.889137 0.34631 930.926 -362.586
-0.909128 0.289793 951.857 -303.414
-0.925532 0.232133 969.032 -243.043
-0.938282 0.173557 982.381 -181.714
-0.947329 0.114295 991.853 -119.667
-0.952636 0.0545826 997.41 -57.148
-0.954184 -0.0053454 999.03 5.59663
-0.951965 -0.0652523 996.707 68.3192
-0.945989 -0.124902 990.45 130.772
-0.936278 -0.184058 980.284 192.709
-0.922873 -0.242488 966.248 253.885
-0.905825 -0.299961 948.398 314.059
-0.885201 -0.35625 926.806 372.993
-0.861084 -0.411132 901.554 430.456
-0.833567 -0.464392 872.745 486.219
-0.802761 -0.515819 840.491 540.063
-0.768786 -0.56521 804.919 591.775
-0.731777 -0.61237 766.17 641.152
-0.691879 -0.657113 724.397 687.998
-0.649251 -0.699263 679.765 732.128
-0.604059 -0.738652 632.45 773.369
-0.556484 -0.775126 582.639 811.557
-0.506712 -0.80854 530.528 846.542
-0.45494 -0.838763 476.322 878.185
-0.401373 -0.865676 420.237 906.363
-0.346221 -0.889171 362.493 930.963
-0.289702 -0.909157 303.318 951.888
-0.232041 -0.925555 242.946 969.056
-0.173463 -0.938299 181.616 982.399
-0.1142 -0.94734 119.568 991.865
-0.0544873 -0.952642 57.0482 997.416
0.00544085 -0.954183 -5.69657 999.03
0.0653476 -0.951958 -68.4189 996.7
0.124996 -0.945976 -130.871 990.437
0.184152 -0.93626 -192.807 980.264
0.24258 -0.922849 -253.982 966.222
0.300051 -0.905795 -314.154 948.367
0.356338 -0.885165 -373.086 926.768
0.411218 -0.861042 -430.546 901.511
0.464476 -0.833521 -486.306 872.696
0.5159 -0.802709 -540.147 840.437
0.565287 -0.76873 -591.856 804.86
0.612444 -0.731716 -641.228 766.106
0.657183 -0.691813 -688.07 724.329
0.699328 -0.649181 -732.196 679.692
0.738713 -0.603985 -773.432 632.373
0.775182 -0.556406 -811.615 582.558
0.808591 -0.506631 -846.595 530.443
0.838809 -0.454856 -878.233 476.234
0.865716 -0.401286 -906.405 420.146
0.889206 -0.346132 -930.999 362.4
0.909186 -0.289611 -951.918 303.223
0.925578 -0.231948 -969.08 242.85
0.938317 -0.173369 -982.417 181.517
0.947351 -0.114106 -991.877 119.469
0.952647 -0.054392 -997.421 56.9485
0.954182 0.0055363 -999.029 -5.79651
0.951952 0.0654428 -996.693 -68.5186
0.945964 0.125091 -990.424 -130.97
0.936242 0.184245 -980.245 -192.905
0.922824 0.242673 -966.197 -254.078
0.905765 0.300142 -948.336 -314.249
0.88513 0.356427 -926.731 -373.179
0.861001 0.411305 -901.468 -430.636
0.833474 0.464559 -872.648 -486.393
0.802658 0.51598 -840.383 -540.231
0.768673 0.565364 -804.801 -591.936
0.731654 0.612517 -766.042 -641.305
0.691748 0.657252 -724.26 -688.143
0.649111 0.699393 -679.619 -732.264
0.603912 0.738773 -632.295 -773.495
0.556329 0.775237 -582.476 -811.673
0.50655 0.808642 -530.358 -846.648
0.454772 0.838854 -476.147 -878.281
0.401199 0.865756 -420.056 -906.447
0.346043 0.889241 -362.307 -931.035
0.28952 0.909215 -303.128 -951.949
0.231855 0.925601 -242.753 -969.105
0.173275 0.938334 -181.419 -982.436
0.114011 0.947363 -119.369 -991.889
0.0542967 0.952652 -56.8487 -997.427
-0.00563175 0.954182 5.89645 -999.028
-0.065538 0.951945 68.6183 -996.687
-0.125186 0.945951 131.069 -990.411
-0.184339 0.936223 193.003 -980.226
-0.242765 0.9228 254.175 -966.172
-0.300233 0.905735 314.344 -948.304
-0.356515 0.885094 373.272 -926.694
-0.411391 0.86096 430.726 -901.425
-0.464642 0.833428 486.481 -872.599
-0.51606 0.802606 540.315 -840.329
-0.565441 0.768616 592.017 -804.741
-0.61259 0.731593 641.382 -765.978
-0.657321 0.691682 688.215 -724.191
-0.699458 0.649041 732.332 -679.546
-0.738833 0.603838 773.559 -632.218
-0.775293 0.556251 811.732 -582.395
-0.808692 0.506469 846.701 -530.273
-0.8389 0.454688 878.328 -476.059
-0.865796 0.401113 906.489 -419.965
-0.889275 0.345954 931.071 -362.214
-0.909244 0.28943 951.979 -303.033
-0.925625 0.231763 969.129 -242.656
-0.938351 0.173181 982.454 -181.321
-0.947374 0.113916 991.901 -119.27
-0.952658 0.0542014 997.433 -56.7489
-0.954181 -0.00572721 999.028 5.99638
-0.951939 -0.0656333 996.68 68.718
-0.945938 -0.12528 990.398 131.168
-0.936205 -0.184433 980.206 193.101
-0.922776 -0.242857 966.146 254.272
-0.905705 -0.300323 948.273 314.438
-0.885058 -0.356604 926.656 373.364
-0.860919 -0.411477 901.382 430.816
-0.833381 -0.464726 872.55 486.568
-0.802555 -0.51614 840.275 540.399
-0.76856 -0.565518 804.682 592.097
-0.731532 -0.612663 765.914 641.458
-0.691616 -0.65739 724.122 688.288
-0.648971 -0.699523 679.472 732.4
-0.603764 -0.738894 632.141 773.622
-0.556174 -0.775349 582.314 811.79
-0.506388 -0.808743 530.189 846.754
-0.454604 -0.838945 475.971 878.376
-0.401026 -0.865836 419.874 906.531
-0.345865 -0.88931 362.121 931.108
-0.289339 -0.909273 302.937 952.009
-0.23167 -0.925648 242.559 969.153
-0.173087 -0.938369 181.222 982.472
-0.113821 -0.947386 119.171 991.913
-0.0541061 -0.952663 56.6491 997.438
0.00582266 -0.954181 -6.09632 999.027
0.0657285 -0.951932 -68.8177 996.673
0.125375 -0.945926 -131.267 990.384
0.184526 -0.936186 -193.199 980.187
0.24295 -0.922751 -254.368 966.121
0.300414 -0.905674 -314.533 948.241
0.356692 -0.885023 -373.457 926.619
0.411563 -0.860878 -430.906 901.339
0.464809 -0.833335 -486.655 872.502
0.516221 -0.802503 -540.483 840.221
0.565595 -0.768503 -592.178 804.623
0.612736 -0.73147 -641.535 765.85
0.657459 -0.69155 -688.36 724.053
0.699587 -0.648901 -732.468 679.399
0.738954 -0.60369 -773.685 632.063
0.775404 -0.556096 -811.848 582.233
0.808794 -0.506308 -846.807 530.104
0.838991 -0.454521 -878.424 475.883
0.865877 -0.40094 -906.573 419.784
0.889345 -0.345776 -931.144 362.027
0.909302 -0.289248 -952.039 302.842
0.925671 -0.231578 -969.177 242.462
0.938386 -0.172994 -982.49 181.124
0.947397 -0.113727 -991.925 119.072
0.952669 -0.0540108 -997.444 56.5494
0.95418 0.00591811 -999.027 -6.19626
0.951925 0.0658237 -996.666 -68.9174
0.945913 0.125469 -990.371 -131.367
0.936168 0.18462 -980.168 -193.297
0.922727 0.243042 -966.095 -254.465
0.905644 0.300504 -948.21 -314.628
0.884987 0.356781 -926.581 -373.55
0.860837 0.411649 -901.296 -430.997
0.833288 0.464893 -872.453 -486.742
0.802451 0.516301 -840.166 -540.567
0.768447 0.565672 -804.564 -592.258
0.731409 0.612809 -765.785 -641.612
0.691485 0.657529 -723.984 -688.432
0.648831 0.699652 -679.326 -732.536
0.603616 0.739015 -631.986 -773.748
0.556019 0.77546 -582.151 -811.907
0.506227 0.808844 -530.019 -846.86
0.454437 0.839036 -475.795 -878.471
0.400853 0.865917 -419.693 -906.615
0.345687 0.889379 -361.934 -931.18
0.289157 0.909331 -302.747 -952.07
0.231485 0.925694 -242.365 -969.202
0.1729 0.938403 -181.026 -982.508
0.113632 0.947408 -118.973 -991.937
0.0539155 0.952674 -56.4496 -997.45
-0.00601356 0.95418 6.2962 -999.026
-0.0659189 0.951919 69.0171 -996.659
-0.125564 0.945901 131.466 -990.358
-0.184714 0.936149 193.395 -980.148
-0.243134 0.922703 254.562 -966.07
-0.300595 0.905614 314.723 -948.178
-0.356869 0.884951 373.642 -926.544
-0.411735 0.860795 431.087 -901.253
-0.464976 0.833242 486.83 -872.404
-0.516381 0.8024 540.651 -840.112
-0.565748 0.76839 592.339 -804.504
-0.612883 0.731348 641.688 -765.721
-0.657598 0.691419 688.505 -723.915
-0.699717 0.648761 732.604 -679.252
-0.739075 0.603542 773.811 -631.908
-0.775516 0.555941 811.965 -582.07
-0.808895 0.506146 846.913 -529.935
-0.839082 0.454353 878.519 -475.707
-0.865957 0.400766 906.657 -419.602
-0.889414 0.345598 931.216 -361.841
-0.90936 0.289066 952.1 -302.652
-0.925717 0.231392 969.226 -242.268
-0.93842 0.172806 982.526 -180.928
-0.94742 0.113537 991.948 -118.873
-0.952679 0.0538202 997.455 -56.3498
-0.954179 -0.00610901 999.025 6.39614
-0.951912 -0.0660142 996.652 69.1168
-0.945888 -0.125659 990.345 131.565
-0.936131 -0.184807 980.129 193.493
-0.922678 -0.243227 966.044 254.658
-0.905584 -0.300686 948.147 314.818
-0.884916 -0.356958 926.507 373.735
-0.860754 -0.411821 901.21 431.177
-0.833195 -0.465059 872.356 486.917
-0.802348 -0.516462 840.058 540.735
-0.768334 -0.565825 804.445 592.419
-0.731286 -0.612956 765.657 641.765
-0.691353 -0.657667 723.847 688.577
-0.648691 -0.699782 679.179 732.672
-0.603468 -0.739135 631.831 773.875
-0.555863 -0.775571 581.989 812.023
-0.506065 -0.808946 529.85 846.966
-0.454269 -0.839127 475.619 878.566
-0.40068 -0.865997 419.512 906.699
-0.345509 -0.889448 361.748 931.252
-0.288975 -0.909389 302.557 952.13
-0.2313 -0.92574 242.171 969.25
-0.172712 -0.938438 180.829 982.544
-0.113442 -0.947431 118.774 991.96
-0.0537249 -0.952685 56.25 997.461
0.00620447 -0.954178 -6.49608 999.025
0.0661094 -0.951906 -69.2165 996.645
0.125753 -0.945876 -131.664 990.332
0.184901 -0.936112 -193.591 980.11
0.243319 -0.922654 -254.755 966.019
0.300776 -0.905554 -314.913 948.115
0.357046 -0.88488 -373.828 926.469
0.411907 -0.860713 -431.267 901.167
0.465143 -0.833149 -487.004 872.307
0.516542 -0.802296 -540.819 840.004
0.565902 -0.768277 -592.5 804.386
0.613029 -0.731225 -641.841 765.593
0.657736 -0.691287 -688.65 723.778
0.699847 -0.648621 -732.74 679.106
0.739196 -0.603394 -773.938 631.754
0.775627 -0.555786 -812.081 581.908
0.808996 -0.505984 -847.019 529.765
0.839173 -0.454185 -878.614 475.531
0.866037 -0.400593 -906.741 419.421
0.889483 -0.34542 -931.289 361.655
0.909418 -0.288884 -952.161 302.461
0.925763 -0.231207 -969.274 242.074
0.938455 -0.172618 -982.562 180.731
0.947442 -0.113348 -991.972 118.675
0.95269 -0.0536296 -997.467 56.1502
0.954178 0.00629992 -999.024 -6.59601
0.951899 0.0662046 -996.638 -69.3162
0.945863 0.125848 -990.319 -131.763
0.936094 0.184995 -980.09 -193.689
0.92263 0.243411 -965.993 -254.851
0.905524 0.300867 -948.084 -315.008
0.884844 0.357135 -926.432 -373.92
0.860672 0.411994 -901.123 -431.357
0.833102 0.465226 -872.258 -487.092
0.802245 0.516622 -839.95 -540.903
0.76822 0.565979 -804.327 -592.58
0.731164 0.613102 -765.529 -641.918
0.691221 0.657805 -723.709 -688.722
0.648551 0.699912 -679.033 -732.808
0.60332 0.739256 -631.676 -774.001
0.555708 0.775682 -581.827 -812.139
0.505903 0.809047 -529.68 -847.072
0.454101 0.839218 -475.444 -878.661
0.400506 0.866077 -419.33 -906.783
0.345331 0.889517 -361.562 -931.325
0.288793 0.909447 -302.366 -952.191
0.231115 0.925787 -241.977 -969.299
0.172524 0.938472 -180.633 -982.58
0.113253 0.947454 -118.576 -991.984
0.0535343 0.952696 -56.0504 -997.472
-0.00639537 0.954177 6.69595 -999.023
-0.0662998 0.951892 69.4159 -996.631
-0.125943 0.945851 131.862 -990.305
-0.185088 0.936075 193.787 -980.071
-0.243503 0.922605 254.948 -965.968
-0.300957 0.905494 315.102 -948.052
-0.357224 0.884809 374.013 -926.395
-0.41208 0.860631 431.447 -901.08
-0.465309 0.833056 487.179 -872.209
-0.516702 0.802193 540.987 -839.896
-0.566056 0.768164 592.661 -804.267
-0.613175 0.731102 641.994 -765.464
-0.657874 0.691156 688.794 -723.64
-0.699977 0.648481 732.876 -678.959
-0.739316 0.603246 774.064 -631.599
-0.775738 0.555631 812.198 -581.745
-0.809098 0.505822 847.125 -529.596
-0.839264 0.454017 878.709 -475.356
-0.866117 0.40042 906.825 -419.239
-0.889552 0.345242 931.361 -361.468
-0.909476 0.288702 952.221 -302.271
-0.92581 0.231022 969.323 -241.88
-0.938489 0.17243 982.599 -180.534
-0.947465 0.113158 991.996 -118.476
-0.952701 0.053439 997.478 -55.9507
-0.954176 -0.00649082 999.023 6.79589
-0.951886 -0.0663951 996.624 69.5156
-0.945838 -0.126037 990.292 131.961
-0.936057 -0.185182 980.051 193.885
-0.922581 -0.243596 965.942 255.045
-0.905464 -0.301048 948.021 315.197
-0.884773 -0.357312 926.357 374.106
-0.860589 -0.412166 901.037 431.538
-0.833009 -0.465393 872.161 487.266
-0.802141 -0.516783 839.842 541.071
-0.768107 -0.566133 804.208 592.741
-0.731041 -0.613248 765.4 642.071
-0.69109 -0.657943 723.571 688.867
-0.648411 -0.700042 678.886 732.944
-0.603172 -0.739377 631.521 774.127
-0.555553 -0.775793 581.664 812.256
-0.505741 -0.809148 529.511 847.178
-0.453933 -0.839309 475.268 878.757
-0.400333 -0.866157 419.149 906.866
-0.345153 -0.889586 361.375 931.397
-0.288611 -0.909505 302.176 952.251
-0.230929 -0.925833 241.783 969.347
-0.172336 -0.938507 180.436 982.617
-0.113063 -0.947476 118.377 992.008
-0.0533437 -0.952706 55.8509 997.483
0.00658627 -0.954176 -6.89583 999.022
0.0664903 -0.951879 -69.6153 996.617
0.126132 -0.945825 -132.06 990.279
0.185276 -0.936038 -193.984 980.032
0.243688 -0.922557 -255.141 965.917
0.301139 -0.905434 -315.292 947.989
0.357401 -0.884737 -374.198 926.32
0.412252 -0.860548 -431.628 900.994
0.465476 -0.832963 -487.353 872.112
0.516863 -0.80209 -541.155 839.788
0.56621 -0.76805 -592.821 804.149
0.613321 -0.73098 -642.148 765.336
0.658013 -0.691024 -688.939 723.502
0.700107 -0.648341 -733.012 678.813
0.739437 -0.603098 -774.191 631.444
0.775849 -0.555475 -812.314 581.583
0.809199 -0.50566 -847.231 529.426
0.839354 -0.453849 -878.804 475.18
0.866197 -0.400246 -906.908 419.058
0.889621 -0.345064 -931.433 361.282
0.909533 -0.28852 -952.281 302.08
0.925856 -0.230837 -969.371 241.686
0.938524 -0.172242 -982.635 180.338
0.947488 -0.112968 -992.02 118.278
0.952712 -0.0532484 -997.489 55.7511
0.954175 0.00668173 -999.021 -6.99577
0.951872 0.0665855 -996.61 -69.715
0.945813 0.126226 -990.266 -132.159
0.93602 0.185369 -980.013 -194.082
0.922532 0.24378 -965.891 -255.238
0.905404 0.301229 -947.958 -315.387
0.884701 0.357489 -926.282 -374.291
0.860507 0.412338 -900.951 -431.718
0.832916 0.465559 -872.063 -487.441
0.802038 0.516943 -839.734 -541.239
0.767994 0.566286 -804.089 -592.902
0.730918 0.613395 -765.272 -642.224
0.690958 0.658082 -723.433 -689.012
0.648271 0.700171 -678.739 -733.079
0.603024 0.739497 -631.366 -774.254
0.555398 0.775905 -581.502 -812.372
0.505579 0.809249 -529.341 -847.284
0.453765 0.8394 -475.092 -878.852
0.40016 0.866237 -418.967 -906.95
0.344975 0.889655 -361.189 -931.469
0.288429 0.909562 -301.985 -952.312
0.230744 0.925879 -241.589 -969.395
0.172149 0.938541 -180.24 -982.653
0.112874 0.947499 -118.179 -992.031
0.0531531 0.952717 -55.6513 -997.495
-0.00677718 0.954174 7.0957 -999.021
-0.0666807 0.951866 69.8147 -996.603
-0.126321 0.9458 132.258 -990.253
-0.185463 0.936001 194.18 -979.993
-0.243873 0.922508 255.335 -965.866
-0.30132 0.905373 315.482 -947.926
-0.357578 0.884665 374.384 -926.245
-0.412424 0.860466 431.808 -900.908
-0.465643 0.83287 487.528 -872.014
-0.517023 0.801986 541.323 -839.679
-0.566363 0.767937 592.982 -804.03
-0.613468 0.730857 642.301 -765.207
-0.658151 0.690892 689.084 -723.364
-0.700236 0.648201 733.147 -678.666
-0.739558 0.60295 774.317 -631.289
-0.77596 0.55532 812.43 -581.42
-0.8093 0.505498 847.337 -529.257
-0.839445 0.453681 878.899 -475.004
-0.866277 0.400073 906.992 -418.877
-0.88969 0.344886 931.505 -361.096
-0.909591 0.288338 952.342 -301.89
-0.925902 0.230651 969.419 -241.492
-0.938558 0.172055 982.671 -180.141
-0.94751 0.112779 992.043 -118.079
-0.952722 0.0530578 997.5 -55.5515
-0.954174 -0.00687263 999.02 7.19564
-0.951859 -0.0667759 996.596 69.9144
-0.945787 -0.126416 990.239 132.357
-0.935983 -0.185556 979.974 194.278
-0.922484 -0.243965 965.84 255.431
-0.905343 -0.30141 947.894 315.577
-0.88463 -0.357666 926.207 374.476
-0.860424 -0.41251 900.864 431.898
-0.832823 -0.465726 871.966 487.615
-0.801934 -0.517103 839.625 541.407
-0.76788 -0.56644 803.971 593.063
-0.730796 -0.613541 765.143 642.377
-0.690826 -0.65822 723.295 689.156
-0.648131 -0.700301 678.593 733.215
-0.602876 -0.739618 631.212 774.38
-0.555243 -0.776016 581.339 812.488
-0.505417 -0.80935 529.172 847.39
-0.453597 -0.839491 474.916 878.947
-0.399986 -0.866317 418.786 907.034
-0.344797 -0.889724 361.003 931.542
-0.288247 -0.90962 301.794 952.372
-0.230559 -0.925925 241.395 969.444
-0.171961 -0.938576 180.043 982.689
-0.112684 -0.947522 117.98 992.055
-0.0529625 -0.952728 55.4517 997.506
0.00696808 -0.954173 -7.29558 999.019
0.0668712 -0.951852 -70.0141 996.589
0.12651 -0.945775 -132.456 990.226
0.18565 -0.935964 -194.376 979.954
0.244057 -0.922459 -255.528 965.815
0.301501 -0.905313 -315.671 947.863
0.357755 -0.884594 -374.569 926.17
0.412596 -0.860383 -431.988 900.821
0.465809 -0.832776 -487.702 871.917
0.517184 -0.801883 -541.491 839.571
0.566517 -0.767824 -593.143 803.912
0.613614 -0.730734 -642.454 765.079
0.658289 -0.690761 -689.229 723.226
0.700366 -0.64806 -733.283 678.519
0.739678 -0.602802 -774.443 631.134
0.776071 -0.555165 -812.547 581.258
0.809401 -0.505336 -847.443 529.087
0.839536 -0.453513 -878.994 474.828
0.866357 -0.3999 -907.076 418.695
0.889759 -0.344708 -931.578 360.909
0.909649 -0.288156 -952.402 301.699
0.925948 -0.230466 -969.468 241.298
0.938593 -0.171867 -982.707 179.945
0.947533 -0.112589 -992.067 117.881
0.952733 -0.0528672 -997.511 55.352
0.954172 0.00706353 -999.018 -7.39552
0.951846 0.0669664 -996.582 -70.1138
0.945762 0.126605 -990.213 -132.555
0.935946 0.185744 -979.935 -194.474
0.922435 0.244149 -965.789 -255.624
0.905283 0.301591 -947.831 -315.766
0.884558 0.357843 -926.132 -374.662
0.860342 0.412682 -900.778 -432.078
0.83273 0.465893 -871.868 -487.789
0.801831 0.517264 -839.517 -541.575
0.767767 0.566594 -803.852 -593.224
0.730673 0.613687 -765.015 -642.53
0.690695 0.658358 -723.157 -689.301
0.64799 0.700431 -678.446 -733.351
0.602728 0.739739 -631.057 -774.506
0.555087 0.776127 -581.176 -812.605
0.505255 0.809452 -529.002 -847.496
0.453429 0.839581 -474.74 -879.042
0.399813 0.866397 -418.604 -907.118
0.344619 0.889793 -360.816 -931.614
0.288065 0.909678 -301.604 -952.432
0.230374 0.925971 -241.201 -969.492
0.171773 0.93861 -179.846 -982.725
0.112494 0.947544 -117.782 -992.079
0.0527719 0.952738 -55.2522 -997.517
-0.00715898 0.954172 7.49546 -999.018
-0.0670616 0.951839 70.2135 -996.575
-0.1267 0.945749 132.654 -990.2
-0.185837 0.935927 194.572 -979.915
-0.244242 0.92241 255.721 -965.764
-0.301682 0.905253 315.861 -947.8
-0.357931 0.884522 374.754 -926.095
-0.412768 0.860301 432.168 -900.735
-0.465976 0.832683 487.877 -871.819
-0.517344 0.801779 541.659 -839.463
-0.56667 0.76771 593.304 -803.793
-0.61376 0.730612 642.607 -764.95
-0.658427 0.690629 689.373 -723.088
-0.700496 0.64792 733.419 -678.373
-0.739799 0.602654 774.569 -630.979
-0.776182 0.55501 812.663 -581.095
-0.809502 0.505174 847.549 -528.918
-0.839627 0.453345 879.089 -474.652
-0.866437 0.399726 907.16 -418.514
-0.889828 0.34453 931.65 -360.723
-0.909706 0.287974 952.463 -301.509
-0.925994 0.230281 969.516 -241.104
-0.938627 0.171679 982.743 -179.748
-0.947555 0.1124 992.09 -117.682
-0.952743 0.0526766 997.522 -55.1524
-0.954171 -0.00725443 999.017 7.59539
-0.951832 -0.0671568 996.568 70.3132
-0.945737 -0.126794 990.186 132.753
-0.935908 -0.185931 979.896 194.67
-0.922386 -0.244334 965.738 255.818
-0.905223 -0.301773 947.768 315.956
-0.884487 -0.35802 926.057 374.847
-0.860259 -0.412854 900.691 432.258
-0.832637 -0.466059 871.77 487.964
-0.801727 -0.517424 839.409 541.743
-0.767654 -0.566747 803.733 593.384
-0.73055 -0.613833 764.886 642.683
-0.690563 -0.658496 723.019 689.446
-0.64785 -0.70056 678.299 733.487
-0.60258 -0.739859 630.902 774.633
-0.554932 -0.776238 581.014 812.721
-0.505093 -0.809553 528.833 847.602
-0.453261 -0.839672 474.564 879.137
-0.39964 -0.866477 418.423 907.202
-0.344441 -0.889862 360.63 931.686
-0.287883 -0.909735 301.413 952.493
-0.230188 -0.926017 241.007 969.54
-0.171585 -0.938644 179.65 982.761
-0.112305 -0.947567 117.583 992.102
-0.0525813 -0.952749 55.0526 997.528
0.00734989 -0.95417 -7.69533 999.016
0.067252 -0.951826 -70.4129 996.561
0.126889 -0.945724 -132.853 990.173
0.186025 -0.93589 -194.768 979.877
0.244426 -0.922361 -255.914 965.712
0.301863 -0.905192 -316.051 947.737
0.358108 -0.884451 -374.94 926.02
0.41294 -0.860218 -432.349 900.648
0.466142 -0.83259 -488.051 871.722
0.517505 -0.801676 -541.827 839.354
0.566824 -0.767597 -593.465 803.674
0.613906 -0.730489 -642.76 764.822
0.658565 -0.690497 -689.518 722.951
0.700625 -0.64778 -733.555 678.226
0.739919 -0.602506 -774.696 630.824
0.776293 -0.554854 -812.779 580.933
0.809603 -0.505012 -847.654 528.748
0.839717 -0.453177 -879.184 474.476
0.866517 -0.399553 -907.243 418.332
0.889897 -0.344352 -931.722 360.537
0.909764 -0.287792 -952.523 301.318
0.92604 -0.230096 -969.564 240.91
0.938662 -0.171491 -982.779 179.551
0.947578 -0.11221 -992.114 117.484
0.952754 -0.052486 -997.533 54.9528
0.954169 0.00744534 -999.015 -7.79527
0.951819 0.0673472 -996.554 -70.5126
0.945711 0.126983 -990.16 -132.952
0.935871 0.186118 -979.857 -194.866
0.922337 0.244518 -965.687 -256.011
0.905162 0.301954 -947.705 -316.145
0.884415 0.358197 -925.982 -375.032
0.860177 0.413026 -900.605 -432.439
0.832543 0.466226 -871.673 -488.138
0.801624 0.517585 -839.3 -541.911
0.76754 0.566901 -803.615 -593.545
0.730427 0.613979 -764.757 -642.836
0.690431 0.658634 -722.882 -689.59
0.64771 0.70069 -678.152 -733.622
0.602432 0.73998 -630.747 -774.759
0.554777 0.776349 -580.851 -812.837
0.504931 0.809654 -528.663 -847.707
0.453093 0.839763 -474.388 -879.232
0.399466 0.866557 -418.241 -907.285
0.344263 0.889931 -360.443 -931.758
0.287701 0.909793 -301.223 -952.553
0.230003 0.926063 -240.813 -969.588
0.171397 0.938679 -179.453 -982.797
0.112115 0.947589 -117.385 -992.126
0.0523907 0.952759 -54.853 -997.539
-0.00754079 0.954169 7.8952 -999.015
-0.0674425 0.951812 70.6123 -996.547
-0.127078 0.945699 133.051 -990.146
-0.186212 0.935852 194.964 -979.838
-0.244611 0.922312 256.107 -965.661
-0.302044 0.905132 316.24 -947.673
-0.358285 0.884379 375.125 -925.945
-0.413112 0.860135 432.529 -900.562
-0.466309 0.832497 488.225 -871.624
-0.517665 0.801572 541.995 -839.246
-0.566978 0.767484 593.626 -803.555
-0.614052 0.730366 642.913 -764.693
-0.658704 0.690365 689.663 -722.813
-0.700755 0.64764 733.69 -678.079
-0.74004 0.602358 774.822 -630.669
-0.776404 0.554699 812.895 -580.77
-0.809704 0.50485 847.76 -528.578
-0.839808 0.453009 879.279 -474.301
-0.866597 0.39938 907.327 -418.151
-0.889966 0.344174 931.794 -360.35
-0.909822 0.28761 952.583 -301.127
-0.926086 0.22991 969.612 -240.716
-0.938696 0.171304 982.815 -179.355
-0.9476 0.112021 992.137 -117.285
-0.952764 0.0522953 997.544 -54.7532
-0.954168 -0.00763624 999.014 7.99514
-0.951805 -0.0675377 996.54 70.7119
-0.945686 -0.127173 990.133 133.15
-0.935834 -0.186305 979.818 195.062
-0.922288 -0.244703 965.636 256.204
-0.905102 -0.302135 947.642 316.335
-0.884343 -0.358374 925.907 375.217
-0.860094 -0.413199 900.518 432.619
-0.83245 -0.466392 871.575 488.313
-0.80152 -0.517745 839.192 542.079
-0.767427 -0.567054 803.496 593.706
-0.730304 -0.614125 764.629 642.989
-0.690299 -0.658773 722.744 689.735
-0.64757 -0.70082 678.006 733.758
-0.602284 -0.7401 630.592 774.885
-0.554621 -0.77646 580.689 812.953
-0.504769 -0.809755 528.494 847.813
-0.452925 -0.839853 474.213 879.326
-0.399293 -0.866637 418.06 907.369
-0.344085 -0.89 360.257 931.83
