99.9046 -6.21725e-15
99.9046 9.9476e-14
99.9046 1.88294e-13
99.9046 2.77112e-13
99.9046 3.8014e-13
99.9046 5.47118e-13
99.9046 7.95808e-13
99.9046 7.60281e-13
99.9046 2.13163e-14
99.9046 -9.23706e-13
99.9046 -1.89715e-12
99.9046 -2.82085e-12
99.9046 -3.75167e-12
99.9046 -4.72511e-12
99.9046 -5.77671e-12
99.9046 -6.76437e-12
99.9046 -6.50857e-12
99.9046 -5.30775e-12
99.9046 -3.90799e-12
99.9046 -2.55795e-12
99.9046 -1.20792e-12
99.9046 1.42109e-14
99.9046 1.2097e-12
99.9046 2.4416e-12
99.9046 3.68494e-12
99.9046 4.91873e-12
99.9046 6.19593e-12
99.9046 7.39675e-12
99.9046 8.61178e-12
99.9046 9.80549e-12
99.9046 1.11271e-11
99.9046 1.24771e-11
99.9046 1.28466e-11
99.9046 9.6847e-12
99.9046 6.50147e-12
99.9046 3.18323e-12
99.9046 -2.84217e-14
99.9046 -3.25429e-12
99.9046 -6.672e-12
99.9046 -1.00187e-11
99.9046 -1.34435e-11
99.9046 -1.6648e-11
99.9046 -1.98312e-11
99.9046 -2.31779e-11
99.9046 -2.65175e-11
99.9046 -2.98286e-11
99.9046 -3.30864e-11
99.9046 -3.63514e-11
99.9046 -3.96669e-11
99.9046 -4.30525e-11
99.9046 -4.64011e-11
99.9046 -4.97593e-11
99.9046 -5.30953e-11
99.9046 -5.64704e-11
99.9046 -5.98597e-11
99.9046 -6.32525e-11
99.9046 -6.66986e-11
99.9046 -7.02016e-11
99.9046 -7.35128e-11
99.9046 -7.70441e-11
99.9046 -8.06963e-11
99.9046 -8.40785e-11
99.9046 -8.76241e-11
99.9046 -9.09495e-11
99.9046 -9.45306e-11
99.9046 -9.47935e-11
99.9046 -8.94431e-11
99.9046 -8.43414e-11
99.9046 -7.89981e-11
99.9046 -7.38645e-11
99.9046 -6.8777e-11
99.9046 -6.36184e-11
99.9046 -5.85434e-11
99.9046 -5.33733e-11
99.9046 -4.82916e-11
99.9046 -4.32507e-11
99.9046 -3.82325e-11
99.9046 -3.31006e-11
99.9046 -2.80274e-11
99.9046 -2.2947e-11
99.9046 -1.79483e-11
99.9046 -1.29603e-11
99.9046 -7.96518e-12
99.9046 -3.1477e-12
99.9046 1.87583e-12
99.9046 7.04148e-12
99.9046 1.23208e-11
99.9046 1.71596e-11
99.9046 2.2041e-11
99.9046 2.71214e-11
99.9046 3.21307e-11
99.9046 3.7069e-11
99.9046 4.20073e-11
99.9046 4.71161e-11
99.9046 5.2097e-11
99.9046 5.70992e-11
99.9046 6.21316e-11
99.9046 6.72777e-11
99.9046 7.22653e-11
99.9046 7.73048e-11
99.9046 8.23288e-11
99.9046 8.74607e-11
99.9046 9.25198e-11
99.9046 9.76499e-11
99.9046 1.02805e-10
99.9046 1.08166e-10
99.9046 1.13289e-10
99.9046 1.18462e-10
99.9046 1.23613e-10
99.9046 1.288e-10
99.9046 1.34357e-10
99.9046 1.39714e-10
99.9046 1.45072e-10
99.9046 1.50322e-10
99.9046 1.55858e-10
99.9046 1.61435e-10
99.9046 1.66942e-10
99.9046 1.72378e-10
99.9046 1.78282e-10
99.9046 1.83785e-10
99.9046 1.89349e-10
99.9046 1.94962e-10
99.9046 2.00677e-10
99.9046 2.06338e-10
99.9046 2.12041e-10
99.9046 2.17764e-10
99.9046 2.23618e-10
99.9046 2.29278e-10
99.9046 2.35104e-10
99.9046 2.41158e-10
99.9046 2.46871e-10
99.9046 2.52818e-10
99.9046 2.58737e-10
99.9046 2.64599e-10
99.9046 2.70497e-10
99.9046 2.76401e-10
99.9046 2.82462e-10
99.9046 2.88459e-10
99.9046 2.94598e-10
99.9046 3.00403e-10
99.9046 3.06365e-10
99.9046 3.12276e-10
99.9046 3.18082e-10
99.9046 3.24e-10
99.9046 3.29845e-10
99.9046 3.35742e-10
99.9046 3.41601e-10
99.9046 3.47283e-10
99.9046 3.53107e-10
99.9046 3.58883e-10
99.9046 3.64469e-10
99.9046 3.70189e-10
99.9046 3.75632e-10
99.9046 3.81245e-10
99.9046 3.86919e-10
99.9046 3.92234e-10
99.9046 3.97733e-10
99.9046 4.03361e-10
99.9046 4.08669e-10
99.9046 4.14325e-10
99.9046 4.19639e-10
99.9046 4.24777e-10
99.9046 4.3007e-10
99.9046 4.35044e-10
99.9046 4.40046e-10
99.9046 4.45077e-10
99.9046 4.50143e-10
99.9046 4.55323e-10
99.9046 4.60183e-10
99.9046 4.65157e-10
99.9046 4.70141e-10
99.9046 4.7498e-10
99.9046 4.79965e-10
99.9046 4.84846e-10
99.9046 4.89545e-10
99.9046 4.94376e-10
99.9046 4.98996e-10
99.9046 5.038e-10
99.9046 5.08507e-10
99.9046 5.13012e-10
99.9046 5.17637e-10
99.9046 5.22093e-10
99.9046 5.26697e-10
99.9046 5.31436e-10
99.9046 5.3609e-10
99.9046 5.40567e-10
99.9046 5.45228e-10
99.9046 5.50138e-10
99.9046 5.54955e-10
99.9046 5.59339e-10
99.9046 5.64206e-10
99.9046 5.69045e-10
99.9046 5.73742e-10
99.9046 5.78666e-10
99.9046 5.83569e-10
99.9046 5.88361e-10
99.9046 5.9338e-10
99.9046 5.98311e-10
99.9046 6.03453e-10
99.9046 6.08646e-10
99.9046 6.13719e-10
99.9046 6.19043e-10
99.9046 6.24347e-10
99.9046 6.29534e-10
99.9046 6.34934e-10
99.9046 6.40227e-10
99.9046 6.45848e-10
99.9046 6.51546e-10
99.9046 6.56911e-10
99.9046 6.62737e-10
99.9046 6.68599e-10
99.9046 6.74149e-10
99.9046 6.80075e-10
99.9046 6.85674e-10
99.9046 6.91436e-10
99.9046 6.97518e-10
99.9046 7.03515e-10
99.9046 7.09548e-10
99.9046 7.15442e-10
99.9046 7.21425e-10
99.9046 7.27475e-10
99.9046 7.33351e-10
99.9046 7.39471e-10
99.9046 7.45607e-10
99.9046 7.51587e-10
99.9046 7.57801e-10
99.9046 7.63858e-10
99.9046 7.70168e-10
99.9046 7.763e-10
99.9046 7.8235e-10
99.9046 7.88717e-10
99.9046 7.94827e-10
99.9046 8.00952e-10
99.9046 8.07162e-10
99.9046 8.13351e-10
99.9046 8.19831e-10
99.9046 8.2602e-10
99.9046 8.32351e-10
99.9046 8.38639e-10
99.9046 8.44878e-10
99.9046 8.5106e-10
99.9046 8.57312e-10
99.9046 8.63409e-10
99.9046 8.69626e-10
99.9046 8.75804e-10
99.9046 8.81759e-10
99.9046 8.87942e-10
99.9046 8.94015e-10
99.9046 8.999e-10
99.9046 9.05946e-10
99.9046 9.11779e-10
99.9046 9.17758e-10
99.9046 9.23794e-10
99.9046 9.29695e-10
99.9046 9.35344e-10
99.9046 9.41341e-10
99.9046 9.47246e-10
99.9046 9.53129e-10
99.9046 9.58835e-10
99.9046 9.6437e-10
99.9046 9.70445e-10
99.9046 9.76272e-10
99.9046 9.81842e-10
99.9046 9.87477e-10
99.9046 9.92912e-10
99.9046 9.98462e-10
99.9046 1.00399e-09
99.9046 1.0092e-09
99.9046 1.01457e-09
99.9046 1.02012e-09
99.9046 1.02561e-09
99.9046 1.03102e-09
99.9046 1.03644e-09
99.9046 1.04147e-09
99.9046 1.04685e-09
99.9046 1.05218e-09
99.9046 1.05763e-09
99.9046 1.06295e-09
99.9046 1.06802e-09
99.9046 1.07336e-09
99.9046 1.07863e-09
99.9046 1.08393e-09
99.9046 1.08932e-09
99.9046 1.09445e-09
99.9046 1.09995e-09
99.9046 1.10559e-09
99.9046 1.11076e-09
99.9046 1.11621e-09
99.9046 1.12112e-09
99.9046 1.12657e-09
99.9046 1.13202e-09
99.9046 1.13743e-09
99.9046 1.14287e-09
99.9046 1.14835e-09
99.9046 1.15358e-09
99.9046 1.15912e-09
99.9046 1.16467e-09
99.9046 1.17017e-09
99.9046 1.17575e-09
99.9046 1.18102e-09
99.9046 1.18666e-09
99.9046 1.19227e-09
99.9046 1.19791e-09
99.9046 1.20358e-09
99.9046 1.20905e-09
99.9046 1.21477e-09
99.9046 1.22051e-09
99.9046 1.2266e-09
99.9046 1.23227e-09
99.9046 1.23831e-09
99.9046 1.24388e-09
99.9046 1.24991e-09
99.9046 1.25588e-09
99.9046 1.262e-09
99.9046 1.26803e-09
99.9046 1.27383e-09
99.9046 1.28021e-09
99.9046 1.28644e-09
99.9046 1.29265e-09
99.9046 1.29882e-09
99.9046 1.30466e-09
99.9046 1.31094e-09
99.9046 1.31722e-09
99.9046 1.3235e-09
99.9046 1.32981e-09
99.9046 1.33575e-09
99.9046 1.3421e-09
99.9046 1.34839e-09
99.9046 1.35474e-09
99.9046 1.36114e-09
99.9046 1.36746e-09
99.9046 1.37364e-09
99.9046 1.38007e-09
99.9046 1.38648e-09
99.9046 1.39282e-09
99.9046 1.39917e-09
99.9046 1.40505e-09
99.9046 1.41149e-09
99.9046 1.41781e-09
99.9046 1.42422e-09
99.9046 1.43076e-09
99.9046 1.43694e-09
99.9046 1.44328e-09
99.9046 1.44973e-09
99.9046 1.45613e-09
99.9046 1.46255e-09
99.9046 1.46894e-09
99.9046 1.47495e-09
99.9046 1.48135e-09
99.9046 1.48775e-09
99.9046 1.49414e-09
99.9046 1.50056e-09
99.9046 1.5065e-09
99.9046 1.51282e-09
99.9046 1.51926e-09
99.9046 1.52549e-09
99.9046 1.53177e-09
99.9046 1.53777e-09
99.9046 1.54376e-09
99.9046 1.5499e-09
99.9046 1.5559e-09
99.9046 1.56209e-09
99.9046 1.56793e-09
99.9046 1.57401e-09
99.9046 1.57983e-09
99.9046 1.58574e-09
99.9046 1.59176e-09
99.9046 1.59763e-09
99.9046 1.60309e-09
99.9046 1.60888e-09
99.9046 1.61466e-09
99.9046 1.62048e-09
99.9046 1.62624e-09
99.9046 1.63167e-09
99.9046 1.63745e-09
99.9046 1.64323e-09
99.9046 1.64891e-09
99.9046 1.65457e-09
99.9046 1.65979e-09
99.9046 1.66541e-09
99.9046 1.67099e-09
99.9046 1.67653e-09
99.9046 1.68202e-09
99.9046 1.68752e-09
99.9046 1.69252e-09
99.9046 1.69814e-09
99.9046 1.70383e-09
99.9046 1.70927e-09
99.9046 1.71477e-09
99.9046 1.72005e-09
99.9046 1.72551e-09
99.9046 1.73113e-09
99.9046 1.73677e-09
99.9046 1.74241e-09
99.9046 1.7477e-09
99.9046 1.75325e-09
99.9046 1.75889e-09
99.9046 1.76452e-09
99.9046 1.77016e-09
99.9046 1.77545e-09
99.9046 1.7811e-09
99.9046 1.78687e-09
99.9046 1.79269e-09
99.9046 1.7985e-09
99.9046 1.80435e-09
99.9046 1.8097e-09
99.9046 1.81557e-09
99.9046 1.82128e-09
99.9046 1.82725e-09
99.9046 1.83307e-09
99.9046 1.8389e-09
99.9046 1.84458e-09
99.9046 1.85055e-09
99.9046 1.85661e-09
99.9046 1.86274e-09
99.9046 1.86832e-09
99.9046 1.87457e-09
99.9046 1.88076e-09
99.9046 1.88696e-09
99.9046 1.89328e-09
99.9046 1.89953e-09
99.9046 1.90557e-09
99.9046 1.91197e-09
99.9046 1.91841e-09
99.9046 1.92486e-09
99.9046 1.93139e-09
99.9046 1.93755e-09
99.9046 1.94405e-09
99.9046 1.95058e-09
99.9046 1.95727e-09
99.9046 1.96417e-09
99.9046 1.97046e-09
99.9046 1.97704e-09
99.9046 1.98362e-09
99.9046 1.99028e-09
99.9046 1.99686e-09
99.9046 2.00315e-09
99.9046 2.01003e-09
99.9046 2.01688e-09
99.9046 2.02371e-09
99.9046 2.03067e-09
99.9046 2.03759e-09
99.9046 2.04405e-09
99.9046 2.05101e-09
99.9046 2.05787e-09
99.9046 2.06467e-09
99.9046 2.07147e-09
99.9046 2.07791e-09
99.9046 2.08468e-09
99.9046 2.09142e-09
99.9046 2.09813e-09
99.9046 2.10488e-09
99.9046 2.11122e-09
99.9046 2.1178e-09
99.9046 2.12437e-09
99.9046 2.13091e-09
99.9046 2.13737e-09
99.9046 2.14398e-09
99.9046 2.15007e-09
99.9046 2.15651e-09
99.9046 2.16306e-09
99.9046 2.16939e-09
99.9046 2.17572e-09
99.9046 2.1817e-09
99.9046 2.18803e-09
99.9046 2.19413e-09
99.9046 2.2002e-09
99.9046 2.20632e-09
99.9046 2.21196e-09
99.9046 2.2178e-09
99.9046 2.22362e-09
99.9046 2.22938e-09
99.9046 2.23511e-09
99.9046 2.24045e-09
99.9046 2.24606e-09
99.9046 2.25167e-09
99.9046 2.25723e-09
99.9046 2.26281e-09
99.9046 2.26823e-09
99.9046 2.2734e-09
99.9046 2.2787e-09
99.9046 2.28415e-09
99.9046 2.28948e-09
99.9046 2.29472e-09
99.9046 2.29959e-09
99.9046 2.30493e-09
99.9046 2.31026e-09
99.9046 2.31565e-09
99.9046 2.32082e-09
99.9046 2.32554e-09
99.9046 2.33079e-09
99.9046 2.33606e-09
99.9046 2.34116e-09
99.9046 2.34629e-09
99.9046 2.35141e-09
99.9046 2.35628e-09
99.9046 2.36146e-09
99.9046 2.36665e-09
99.9046 2.37185e-09
99.9046 2.37706e-09
99.9046 2.38203e-09
99.9046 2.38729e-09
99.9046 2.39244e-09
99.9046 2.39782e-09
99.9046 2.4031e-09
99.9046 2.40814e-09
99.9046 2.41355e-09
99.9046 2.41886e-09
99.9046 2.42417e-09
99.9046 2.42937e-09
99.9046 2.43495e-09
99.9046 2.44054e-09
99.9046 2.44611e-09
99.9046 2.45096e-09
99.9046 2.45662e-09
99.9046 2.46229e-09
99.9046 2.46799e-09
99.9046 2.4738e-09
99.9046 2.47958e-09
99.9046 2.4856e-09
99.9046 2.49153e-09
99.9046 2.49757e-09
99.9046 2.50359e-09
99.9046 2.50962e-09
99.9046 2.51502e-09
99.9046 2.52114e-09
99.9046 2.52738e-09
99.9046 2.5335e-09
99.9046 2.53964e-09
99.9046 2.54582e-09
99.9046 2.55215e-09
99.9046 2.55854e-09
99.9046 2.56458e-09
99.9046 2.57076e-09
99.9046 2.57624e-09
99.9046 2.58246e-09
99.9046 2.58871e-09
99.9046 2.59505e-09
99.9046 2.60135e-09
99.9046 2.60763e-09
99.9046 2.61395e-09
99.9046 2.62049e-09
99.9046 2.62695e-09
99.9046 2.63342e-09
99.9046 2.63993e-09
99.9046 2.64577e-09
99.9046 2.65236e-09
99.9046 2.65895e-09
99.9046 2.66554e-09
99.9046 2.67213e-09
99.9046 2.67872e-09
99.9046 2.68535e-09
99.9046 2.69177e-09
99.9046 2.69824e-09
99.9046 2.70477e-09
99.9046 2.71048e-09
99.9046 2.71687e-09
99.9046 2.72322e-09
99.9046 2.72947e-09
99.9046 2.7357e-09
99.9046 2.74201e-09
99.9046 2.7482e-09
99.9046 2.7545e-09
99.9046 2.76067e-09
99.9046 2.7669e-09
99.9046 2.77297e-09
99.9046 2.77831e-09
99.9046 2.78426e-09
99.9046 2.79018e-09
99.9046 2.7962e-09
99.9046 2.80212e-09
99.9046 2.80798e-09
99.9046 2.8138e-09
99.9046 2.81959e-09
99.9046 2.82529e-09
99.9046 2.83096e-09
99.9046 2.8359e-09
99.9046 2.84142e-09
99.9046 2.84675e-09
99.9046 2.85222e-09
99.9046 2.85756e-09
99.9046 2.86285e-09
99.9046 2.86823e-09
99.9046 2.8737e-09
99.9046 2.87904e-09
99.9046 2.88415e-09
99.9046 2.88935e-09
99.9046 2.89383e-09
99.9046 2.89904e-09
99.9046 2.90412e-09
99.9046 2.90935e-09
99.9046 2.91462e-09
99.9046 2.91976e-09
99.9046 2.92493e-09
99.9046 2.92989e-09
99.9046 2.93494e-09
99.9046 2.94001e-09
99.9046 2.9451e-09
99.9046 2.94951e-09
99.9046 2.95465e-09
99.9046 2.95966e-09
99.9046 2.96482e-09
99.9046 2.96985e-09
99.9046 2.97491e-09
99.9046 2.98014e-09
99.9046 2.98524e-09
99.9046 2.9906e-09
99.9046 2.99568e-09
99.9046 3.00012e-09
99.9046 3.00525e-09
99.9046 3.01043e-09
99.9046 3.01578e-09
99.9046 3.02111e-09
99.9046 3.02663e-09
99.9046 3.03196e-09
99.9046 3.03751e-09
99.9046 3.04311e-09
99.9046 3.04866e-09
99.9046 3.05416e-09
99.9046 3.05901e-09
99.9046 3.06462e-09
99.9046 3.07027e-09
99.9046 3.07598e-09
99.9046 3.08174e-09
99.9046 3.0875e-09
99.9046 3.09332e-09
99.9046 3.09917e-09
99.9046 3.10506e-09
99.9046 3.11099e-09
99.9046 3.11626e-09
99.9046 3.1223e-09
99.9046 3.12828e-09
99.9046 3.13448e-09
99.9046 3.14058e-09
99.9046 3.14697e-09
99.9046 3.15312e-09
99.9046 3.15952e-09
99.9046 3.16573e-09
99.9046 3.17216e-09
99.9046 3.17842e-09
99.9046 3.18419e-09
99.9046 3.19066e-09
99.9046 3.19704e-09
99.9046 3.20345e-09
99.9046 3.20997e-09
99.9046 3.21641e-09
99.9046 3.2229e-09
99.9046 3.22936e-09
99.9046 3.23583e-09
99.9046 3.24237e-09
99.9046 3.24815e-09
99.9046 3.25464e-09
99.9046 3.26104e-09
99.9046 3.26753e-09
99.9046 3.274e-09
99.9046 3.28048e-09
99.9046 3.28694e-09
99.9046 3.29335e-09
99.9046 3.30011e-09
99.9046 3.30663e-09
99.9046 3.31297e-09
99.9046 3.31857e-09
99.9046 3.32491e-09
99.9046 3.33105e-09
99.9046 3.33716e-09
99.9046 3.34339e-09
99.9046 3.34943e-09
99.9046 3.35548e-09
99.9046 3.36148e-09
99.9046 3.36739e-09
99.9046 3.37324e-09
99.9046 3.37903e-09
99.9046 3.38405e-09
99.9046 3.38972e-09
99.9046 3.39534e-09
99.9046 3.40086e-09
99.9046 3.40636e-09
99.9046 3.41178e-09
99.9046 3.41718e-09
99.9046 3.42256e-09
99.9046 3.4278e-09
99.9046 3.43329e-09
99.9046 3.4378e-09
99.9046 3.44296e-09
99.9046 3.44834e-09
99.9046 3.45345e-09
99.9046 3.45855e-09
99.9046 3.46358e-09
99.9046 3.46845e-09
99.9046 3.47342e-09
99.9046 3.47846e-09
99.9046 3.48324e-09
99.9046 3.48821e-09
99.9046 3.49238e-09
99.9046 3.49733e-09
99.9046 3.50222e-09
99.9046 3.50714e-09
99.9046 3.51205e-09
99.9046 3.517e-09
99.9046 3.52189e-09
99.9046 3.52691e-09
99.9046 3.53188e-09
99.9046 3.53668e-09
99.9046 3.54088e-09
99.9046 3.54597e-09
99.9046 3.55093e-09
99.9046 3.55587e-09
99.9046 3.56102e-09
99.9046 3.56601e-09
99.9046 3.57072e-09
99.9046 3.57554e-09
99.9046 3.58096e-09
99.9046 3.58619e-09
99.9046 3.59148e-09
99.9046 3.59613e-09
99.9046 3.60156e-09
99.9046 3.6071e-09
99.9046 3.6127e-09
99.9046 3.61834e-09
99.9046 3.62409e-09
99.9046 3.62986e-09
99.9046 3.63571e-09
99.9046 3.64162e-09
99.9046 3.64755e-09
99.9046 3.65291e-09
99.9046 3.659e-09
99.9046 3.66505e-09
99.9046 3.67103e-09
99.9046 3.67735e-09
99.9046 3.6837e-09
99.9046 3.69001e-09
99.9046 3.69639e-09
99.9046 3.70303e-09
99.9046 3.70955e-09
99.9046 3.71607e-09
99.9046 3.72192e-09
99.9046 3.72845e-09
99.9046 3.735e-09
99.9046 3.74182e-09
99.9046 3.74844e-09
99.9046 3.75507e-09
99.9046 3.76188e-09
99.9046 3.76862e-09
99.9046 3.77542e-09
99.9046 3.78223e-09
99.9046 3.78905e-09
99.9046 3.79515e-09
99.9046 3.80194e-09
99.9046 3.80868e-09
99.9046 3.81545e-09
99.9046 3.82224e-09
99.9046 3.82902e-09
99.9046 3.83565e-09
99.9046 3.84225e-09
99.9046 3.84901e-09
99.9046 3.85561e-09
99.9046 3.86146e-09
99.9046 3.86798e-09
99.9046 3.8745e-09
99.9046 3.88098e-09
99.9046 3.88739e-09
99.9046 3.89363e-09
99.9046 3.89992e-09
99.9046 3.90611e-09
99.9046 3.91226e-09
99.9046 3.91829e-09
99.9046 3.92448e-09
99.9046 3.92984e-09
99.9046 3.93582e-09
99.9046 3.94175e-09
99.9046 3.9476e-09
99.9046 3.95341e-09
99.9046 3.95916e-09
99.9046 3.96486e-09
99.9046 3.97047e-09
99.9046 3.97604e-09
99.9046 3.98143e-09
99.9046 3.98632e-09
99.9046 3.99184e-09
99.9046 3.9971e-09
99.9046 4.00224e-09
99.9046 4.00746e-09
99.9046 4.01242e-09
99.9046 4.0176e-09
99.9046 4.02257e-09
99.9046 4.02772e-09
99.9046 4.03288e-09
99.9046 4.03796e-09
99.9046 4.04223e-09
99.9046 4.04713e-09
99.9046 4.05207e-09
99.9046 4.05694e-09
99.9046 4.0618e-09
99.9046 4.06667e-09
99.9046 4.07146e-09
99.9046 4.07623e-09
99.9046 4.08101e-09
99.9046 4.08579e-09
99.9046 4.08983e-09
99.9046 4.0946e-09
99.9046 4.09936e-09
99.9046 4.10416e-09
99.9046 4.10893e-09
99.9046 4.11384e-09
99.9046 4.11872e-09
99.9046 4.12344e-09
99.9046 4.12827e-09
99.9046 4.13306e-09
99.9046 4.13807e-09
99.9046 4.14229e-09
99.9046 4.14738e-09
99.9046 4.15257e-09
99.9046 4.15749e-09
99.9046 4.16254e-09
99.9046 4.16777e-09
99.9046 4.17315e-09
99.9046 4.17847e-09
99.9046 4.18378e-09
99.9046 4.18913e-09
99.9046 4.19455e-09
99.9046 4.19929e-09
99.9046 4.20479e-09
99.9046 4.21033e-09
99.9046 4.21598e-09
99.9046 4.22162e-09
99.9046 4.22719e-09
99.9046 4.23287e-09
99.9046 4.23877e-09
99.9046 4.2447e-09
99.9046 4.25072e-09
99.9046 4.25598e-09
99.9046 4.26201e-09
99.9046 4.26791e-09
99.9046 4.27428e-09
99.9046 4.28056e-09
99.9046 4.28664e-09
99.9046 4.29265e-09
99.9046 4.29868e-09
99.9046 4.30504e-09
99.9046 4.31135e-09
99.9046 4.31747e-09
99.9046 4.32308e-09
99.9046 4.32957e-09
99.9046 4.336e-09
99.9046 4.34246e-09
99.9046 4.34895e-09
99.9046 4.35549e-09
99.9046 4.36206e-09
99.9046 4.36861e-09
99.9046 4.37513e-09
99.9046 4.38177e-09
99.9046 4.38769e-09
99.9046 4.39412e-09
99.9046 4.40078e-09
99.9046 4.40747e-09
99.9046 4.41394e-09
99.9046 4.42043e-09
99.9046 4.42717e-09
99.9046 4.43366e-09
99.9046 4.44e-09
99.9046 4.4464e-09
99.9046 4.45289e-09
99.9046 4.45849e-09
99.9046 4.46499e-09
99.9046 4.4713e-09
99.9046 4.47765e-09
99.9046 4.48397e-09
99.9046 4.49021e-09
99.9046 4.49643e-09
99.9046 4.50259e-09
99.9046 4.50876e-09
99.9046 4.51487e-09
99.9046 4.5202e-09
99.9046 4.5262e-09
99.9046 4.53209e-09
99.9046 4.53804e-09
99.9046 4.54395e-09
99.9046 4.54975e-09
99.9046 4.5556e-09
99.9046 4.56141e-09
99.9046 4.56737e-09
99.9046 4.57327e-09
99.9046 4.57904e-09
99.9046 4.58388e-09
99.9046 4.58942e-09
99.9046 4.59476e-09
99.9046 4.60041e-09
99.9046 4.60599e-09
99.9046 4.61149e-09
99.9046 4.61692e-09
99.9046 4.62236e-09
99.9046 4.62776e-09
99.9046 4.63312e-09
99.9046 4.63841e-09
99.9046 4.64299e-09
99.9046 4.64825e-09
99.9046 4.65354e-09
99.9046 4.65878e-09
99.9046 4.66403e-09
99.9046 4.66921e-09
99.9046 4.67438e-09
99.9046 4.67953e-09
99.9046 4.68471e-09
99.9046 4.68987e-09
99.9046 4.69441e-09
99.9046 4.69948e-09
99.9046 4.70474e-09
99.9046 4.71017e-09
99.9046 4.71537e-09
99.9046 4.72073e-09
99.9046 4.72613e-09
99.9046 4.7316e-09
99.9046 4.73698e-09
99.9046 4.74236e-09
99.9046 4.7478e-09
99.9046 4.75255e-09
99.9046 4.75817e-09
99.9046 4.76378e-09
99.9046 4.76944e-09
99.9046 4.77513e-09
99.9046 4.78085e-09
99.9046 4.7866e-09
99.9046 4.79247e-09
99.9046 4.79834e-09
99.9046 4.80432e-09
99.9046 4.80966e-09
99.9046 4.81587e-09
99.9046 4.82197e-09
99.9046 4.8279e-09
99.9046 4.83406e-09
99.9046 4.84037e-09
99.9046 4.84687e-09
99.9046 4.85312e-09
99.9046 4.8595e-09
99.9046 4.86598e-09
99.9046 4.87261e-09
99.9046 4.87822e-09
99.9046 4.88477e-09
99.9046 4.89133e-09
99.9046 4.89777e-09
99.9046 4.90444e-09
99.9046 4.9111e-09
99.9046 4.91774e-09
99.9046 4.92442e-09
99.9046 4.93112e-09
99.9046 4.9378e-09
99.9046 4.94374e-09
99.9046 4.9504e-09
99.9046 4.95701e-09
99.9046 4.96364e-09
99.9046 4.9703e-09
99.9046 4.97686e-09
99.9046 4.98339e-09
99.9046 4.98979e-09
99.9046 4.99639e-09
99.9046 5.00291e-09
99.9046 5.0092e-09
99.9046 5.01493e-09
99.9046 5.02133e-09
99.9046 5.02763e-09
99.9046 5.03393e-09
99.9046 5.04005e-09
99.9046 5.04635e-09
99.9046 5.05245e-09
99.9046 5.05867e-09
99.9046 5.06476e-09
99.9046 5.07087e-09
99.9046 5.07687e-09
99.9046 5.08216e-09
99.9046 5.08811e-09
99.9046 5.094e-09
99.9046 5.09984e-09
99.9046 5.10558e-09
99.9046 5.1113e-09
99.9046 5.11695e-09
99.9046 5.12261e-09
99.9046 5.12819e-09
99.9046 5.13359e-09
99.9046 5.1384e-09
99.9046 5.14365e-09
99.9046 5.14917e-09
99.9046 5.15452e-09
99.9046 5.15994e-09
99.9046 5.16508e-09
99.9046 5.17029e-09
99.9046 5.1753e-09
99.9046 5.18029e-09
99.9046 5.18543e-09
99.9046 5.19037e-09
99.9046 5.19458e-09
99.9046 5.19955e-09
99.9046 5.20448e-09
99.9046 5.20943e-09
99.9046 5.21436e-09
99.9046 5.21924e-09
99.9046 5.22412e-09
99.9046 5.229e-09
99.9046 5.23388e-09
99.9046 5.23873e-09
99.9046 5.24299e-09
99.9046 5.24786e-09
99.9046 5.25286e-09
99.9046 5.25787e-09
99.9046 5.26291e-09
99.9046 5.26805e-09
99.9046 5.27304e-09
99.9046 5.27803e-09
99.9046 5.28291e-09
99.9046 5.28783e-09
99.9046 5.29304e-09
99.9046 5.29739e-09
99.9046 5.30243e-09
99.9046 5.30746e-09
99.9046 5.3132e-09
99.9046 5.31832e-09
99.9046 5.32215e-09
99.9046 5.32738e-09
99.9046 5.33263e-09
99.9046 5.33792e-09
99.9046 5.34326e-09
99.9046 5.34866e-09
99.9046 5.35411e-09
99.9046 5.35964e-09
99.9046 5.36523e-09
99.9046 5.37078e-09
99.9046 5.37619e-09
99.9046 5.38172e-09
99.9046 5.38731e-09
99.9046 5.39293e-09
99.9046 5.39885e-09
99.9046 5.40453e-09
99.9046 5.41045e-09
99.9046 5.41625e-09
99.9046 5.42241e-09
99.9046 5.42845e-09
99.9046 5.43444e-09
99.9046 5.4392e-09
99.9046 5.44529e-09
99.9046 5.45138e-09
99.9046 5.45771e-09
99.9046 5.46385e-09
99.9046 5.47005e-09
99.9046 5.47628e-09
99.9046 5.48262e-09
99.9046 5.48896e-09
99.9046 5.49537e-09
99.9046 5.50185e-09
99.9046 5.50833e-09
99.9046 5.51485e-09
99.9046 5.52129e-09
99.9046 5.42122e-09
99.9046 5.28431e-09
99.9046 5.14744e-09
99.9046 5.01041e-09
99.9046 4.8737e-09
99.9046 4.73536e-09
99.9046 4.59831e-09
99.9046 4.46135e-09
99.9046 4.32428e-09
99.9046 4.18734e-09
99.9046 4.05034e-09
99.9046 3.91339e-09
99.9046 3.7764e-09
99.9046 3.63949e-09
99.9046 3.5026e-09
99.9046 3.36559e-09
99.9046 3.22854e-09
99.9046 3.09143e-09
99.9046 2.95434e-09
99.9046 2.8172e-09
99.9046 2.68002e-09
99.9046 2.54276e-09
99.9046 2.4055e-09
99.9046 2.26828e-09
99.9046 2.13095e-09
99.9046 1.99225e-09
99.9046 1.85479e-09
99.9046 1.71722e-09
99.9046 1.57968e-09
99.9046 1.44226e-09
99.9046 1.30457e-09
99.9046 1.16676e-09
99.9046 1.02867e-09
99.9046 8.91198e-10
99.9046 7.53481e-10
99.9046 6.15486e-10
99.9046 4.77591e-10
99.9046 3.39661e-10
99.9046 2.01631e-10
99.9046 6.36575e-11
99.9046 -7.43512e-11
99.9046 -2.12395e-10
99.9046 -3.50504e-10
99.9046 -4.88583e-10
99.9046 -6.26703e-10
99.9046 -7.66249e-10
99.9046 -9.04429e-10
99.9046 -1.04262e-09
99.9046 -1.18096e-09
99.9046 -1.31924e-09
99.9046 -1.45757e-09
99.9046 -1.59595e-09
99.9046 -1.7342e-09
99.9046 -1.87253e-09
99.9046 -2.01084e-09
99.9046 -2.14902e-09
99.9046 -2.2874e-09
99.9046 -2.42562e-09
99.9046 -2.56401e-09
99.9046 -2.70231e-09
99.9046 -2.84046e-09
99.9046 -2.97885e-09
99.9046 -3.11694e-09
99.9046 -3.25522e-09
99.9046 -3.39482e-09
99.9046 -3.53307e-09
99.9046 -3.6711e-09
99.9046 -3.80927e-09
99.9046 -3.94737e-09
99.9046 -4.08545e-09
99.9046 -4.22349e-09
99.9046 -4.36151e-09
99.9046 -4.49946e-09
99.9046 -4.63732e-09
99.9046 -4.77524e-09
99.9046 -4.91299e-09
99.9046 -5.05077e-09
99.9046 -5.18852e-09
99.9046 -5.32649e-09
99.9046 -5.46435e-09
99.9046 -5.60235e-09
99.9046 -5.74011e-09
99.9046 -5.87786e-09
99.9046 -6.01563e-09
99.9046 -6.15445e-09
99.9046 -6.29193e-09
99.9046 -6.4295e-09
99.9046 -6.56691e-09
99.9046 -6.70416e-09
99.9046 -6.84147e-09
99.9046 -6.9787e-09
99.9046 -7.11589e-09
99.9046 -7.25311e-09
99.9046 -7.39028e-09
99.9046 -7.52742e-09
99.9046 -7.66451e-09
99.9046 -7.80158e-09
99.9046 -7.93866e-09
99.9046 -8.07571e-09
99.9046 -8.21273e-09
99.9046 -8.34988e-09
99.9046 -8.48688e-09
99.9046 -8.62373e-09
99.9046 -8.76091e-09
99.9046 -8.89924e-09
99.9046 -9.03611e-09
99.9046 -9.17311e-09
99.9046 -9.31029e-09
99.9046 -9.44705e-09
99.9046 -9.58401e-09
99.9046 -9.72092e-09
99.9046 -9.85802e-09
99.9046 -9.99508e-09
99.9046 -1.01322e-08
99.9046 -1.02694e-08
99.9046 -1.04066e-08
99.9046 -1.05439e-08
99.9046 -1.06811e-08
99.9046 -1.08184e-08
99.9046 -1.09558e-08
99.9046 -1.10932e-08
99.9046 -1.12306e-08
99.9046 -1.13681e-08
99.9046 -1.15056e-08
99.9046 -1.16445e-08
99.9046 -1.1782e-08
99.9046 -1.19196e-08
99.9046 -1.20573e-08
99.9046 -1.2195e-08
99.9046 -1.23328e-08
99.9046 -1.24708e-08
99.9046 -1.26088e-08
99.9046 -1.27467e-08
99.9046 -1.28847e-08
99.9046 -1.30226e-08
99.9046 -1.31605e-08
99.9046 -1.32987e-08
99.9046 -1.34368e-08
99.9046 -1.35751e-08
99.9046 -1.37132e-08
99.9046 -1.38514e-08
99.9046 -1.39897e-08
99.9046 -1.41279e-08
99.9046 -1.42676e-08
99.9046 -1.44059e-08
99.9046 -1.45442e-08
99.9046 -1.46824e-08
99.9046 -1.48208e-08
99.9046 -1.49591e-08
99.9046 -1.50975e-08
99.9046 -1.52357e-08
99.9046 -1.5374e-08
99.9046 -1.55123e-08
99.9046 -1.56507e-08
99.9046 -1.57892e-08
99.9046 -1.59273e-08
99.9046 -1.60656e-08
99.9046 -1.62037e-08
99.9046 -1.63423e-08
99.9046 -1.64804e-08
99.9046 -1.66186e-08
99.9046 -1.67567e-08
99.9046 -1.68948e-08
99.9046 -1.70343e-08
99.9046 -1.71724e-08
99.9046 -1.73104e-08
99.9046 -1.74484e-08
99.9046 -1.75863e-08
99.9046 -1.77242e-08
99.9046 -1.7862e-08
99.9046 -1.79998e-08
99.9046 -1.81376e-08
99.9046 -1.82753e-08
99.9046 -1.84131e-08
99.9046 -1.85509e-08
99.9046 -1.86884e-08
99.9046 -1.8826e-08
99.9046 -1.89636e-08
99.9046 -1.9101e-08
99.9046 -1.92383e-08
99.9046 -1.93756e-08
99.9046 -1.95131e-08
99.9046 -1.96504e-08
99.9046 -1.97891e-08
99.9046 -1.99263e-08
99.9046 -2.00636e-08
99.9046 -2.02008e-08
99.9046 -2.03379e-08
99.9046 -2.04751e-08
99.9046 -2.06121e-08
99.9046 -2.0749e-08
99.9046 -2.08861e-08
99.9046 -2.1023e-08
99.9046 -2.116e-08
99.9046 -2.12969e-08
99.9046 -2.14338e-08
99.9046 -2.15707e-08
99.9046 -2.17076e-08
99.9046 -2.18446e-08
99.9046 -2.19814e-08
99.9046 -2.2118e-08
99.9046 -2.22549e-08
99.9046 -2.23917e-08
99.9046 -2.253e-08
99.9046 -2.26669e-08
99.9046 -2.28035e-08
99.9046 -2.29404e-08
99.9046 -2.30774e-08
99.9046 -2.32143e-08
99.9046 -2.33514e-08
99.9046 -2.34884e-08
99.9046 -2.36254e-08
99.9046 -2.37626e-08
99.9046 -2.38997e-08
99.9046 -2.40369e-08
99.9046 -2.41743e-08
99.9046 -2.43116e-08
99.9046 -2.44489e-08
99.9046 -2.45863e-08
99.9046 -2.47238e-08
99.9046 -2.48613e-08
99.9046 -2.49989e-08
99.9046 -2.51365e-08
99.9046 -2.52756e-08
99.9046 -2.54135e-08
99.9046 -2.55512e-08
99.9046 -2.56891e-08
99.9046 -2.5827e-08
99.9046 -2.59649e-08
99.9046 -2.6103e-08
99.9046 -2.62408e-08
99.9046 -2.63789e-08
99.9046 -2.65171e-08
99.9046 -2.66553e-08
99.9046 -2.67936e-08
99.9046 -2.6932e-08
99.9046 -2.70702e-08
99.9046 -2.72085e-08
99.9046 -2.73468e-08
99.9046 -2.7485e-08
99.9046 -2.76233e-08
99.9046 -2.77616e-08
99.9046 -2.79014e-08
99.9046 -2.80397e-08
99.9046 -2.8178e-08
99.9046 -2.83163e-08
99.9046 -2.84546e-08
99.9046 -2.85929e-08
99.9046 -2.87313e-08
99.9046 -2.88696e-08
99.9046 -2.90079e-08
99.9046 -2.91461e-08
99.9046 -2.92847e-08
99.9046 -2.94229e-08
99.9046 -2.95613e-08
99.9046 -2.96996e-08
99.9046 -2.98377e-08
99.9046 -2.9976e-08
99.9046 -3.01142e-08
99.9046 -3.02522e-08
99.9046 -3.03904e-08
99.9046 -3.05286e-08
99.9046 -3.06682e-08
99.9046 -3.08063e-08
99.9046 -3.09444e-08
99.9046 -3.10826e-08
99.9046 -3.12208e-08
99.9046 -3.13589e-08
99.9046 -3.1497e-08
99.9046 -3.16351e-08
99.9046 -3.17732e-08
99.9046 -3.19111e-08
99.9046 -3.20491e-08
99.9046 -3.21871e-08
99.9046 -3.23251e-08
99.9046 -3.24632e-08
99.9046 -3.26013e-08
99.9046 -3.27394e-08
99.9046 -3.28769e-08
99.9046 -3.30148e-08
99.9046 -3.31526e-08
99.9046 -3.32908e-08
99.9046 -3.34301e-08
99.9046 -3.3568e-08
99.9046 -3.3706e-08
99.9046 -3.38437e-08
99.9046 -3.39814e-08
99.9046 -3.41193e-08
99.9046 -3.42572e-08
99.9046 -3.4395e-08
99.9046 -3.45329e-08
99.9046 -3.46707e-08
99.9046 -3.48085e-08
99.9046 -3.49463e-08
99.9046 -3.50841e-08
99.9046 -3.52219e-08
99.9046 -3.53596e-08
99.9046 -3.54974e-08
99.9046 -3.56352e-08
99.9046 -3.57728e-08
99.9046 -3.59107e-08
99.9046 -3.60483e-08
99.9046 -3.61877e-08
99.9046 -3.63256e-08
99.9046 -3.64637e-08
99.9046 -3.66014e-08
99.9046 -3.67393e-08
99.9046 -3.68775e-08
99.9046 -3.70152e-08
99.9046 -3.7153e-08
99.9046 -3.72908e-08
99.9046 -3.74286e-08
99.9046 -3.75663e-08
99.9046 -3.77041e-08
99.9046 -3.78419e-08
99.9046 -3.79796e-08
99.9046 -3.81173e-08
99.9046 -3.82549e-08
99.9046 -3.83925e-08
99.9046 -3.85302e-08
99.9046 -3.86678e-08
99.9046 -3.88053e-08
99.9046 -3.89442e-08
99.9046 -3.90817e-08
99.9046 -3.92192e-08
99.9046 -3.93567e-08
99.9046 -3.9494e-08
99.9046 -3.96314e-08
99.9046 -3.97687e-08
99.9046 -3.9906e-08
99.9046 -4.00435e-08
99.9046 -4.01808e-08
99.9046 -4.03181e-08
99.9046 -4.04556e-08
99.9046 -4.05928e-08
99.9046 -4.073e-08
99.9046 -4.08672e-08
99.9046 -4.10045e-08
99.9046 -4.11416e-08
99.9046 -4.12788e-08
99.9046 -4.14159e-08
99.9046 -4.15544e-08
99.9046 -4.16916e-08
99.9046 -4.18287e-08
99.9046 -4.19658e-08
99.9046 -4.21029e-08
99.9046 -4.224e-08
99.9046 -4.2377e-08
99.9046 -4.25138e-08
99.9046 -4.26508e-08
99.9046 -4.27879e-08
99.9046 -4.29248e-08
99.9046 -4.30617e-08
99.9046 -4.31987e-08
99.9046 -4.33359e-08
99.9046 -4.34731e-08
99.9046 -4.36102e-08
99.9046 -4.37471e-08
99.9046 -4.38841e-08
99.9046 -4.40212e-08
99.9046 -4.41583e-08
99.9046 -4.42968e-08
99.9046 -4.44338e-08
99.9046 -4.45709e-08
99.9046 -4.4708e-08
99.9046 -4.48452e-08
99.9046 -4.49824e-08
99.9046 -4.51196e-08
99.9046 -4.52568e-08
99.9046 -4.5394e-08
99.9046 -4.55313e-08
99.9046 -4.56684e-08
99.9046 -4.58058e-08
99.9046 -4.59431e-08
99.9046 -4.60804e-08
99.9046 -4.62178e-08
99.9046 -4.63552e-08
99.9046 -4.64926e-08
99.9046 -4.663e-08
99.9046 -4.67677e-08
99.9046 -4.69055e-08
99.9046 -4.70446e-08
99.9046 -4.7182e-08
99.9046 -4.73194e-08
99.9046 -4.74569e-08
99.9046 -4.75946e-08
99.9046 -4.77322e-08
99.9046 -4.78698e-08
99.9046 -4.80074e-08
99.9046 -4.81451e-08
99.9046 -4.82829e-08
99.9046 -4.84207e-08
99.9046 -4.85585e-08
99.9046 -4.86963e-08
99.9046 -4.88342e-08
99.9046 -4.89721e-08
99.9046 -4.911e-08
99.9046 -4.9248e-08
99.9046 -4.9386e-08
99.9046 -4.95239e-08
99.9046 -4.96618e-08
99.9046 -4.98013e-08
99.9046 -4.99395e-08
99.9046 -5.00774e-08
99.9046 -5.02157e-08
99.9046 -5.03539e-08
99.9046 -5.04919e-08
99.9046 -5.06299e-08
99.9046 -5.07676e-08
99.9046 -5.09055e-08
99.9046 -5.10436e-08
99.9046 -5.11817e-08
99.9046 -5.13196e-08
99.9046 -5.14574e-08
99.9046 -5.15955e-08
99.9046 -5.17333e-08
99.9046 -5.18712e-08
99.9046 -5.2009e-08
99.9046 -5.21469e-08
99.9046 -5.22847e-08
99.9046 -5.24225e-08
99.9046 -5.25615e-08
99.9046 -5.26992e-08
99.9046 -5.28369e-08
99.9046 -5.29747e-08
99.9046 -5.31124e-08
99.9046 -5.325e-08
99.9046 -5.33874e-08
99.9046 -5.3525e-08
99.9046 -5.36628e-08
99.9046 -5.38004e-08
99.9046 -5.39379e-08
99.9046 -5.40754e-08
99.9046 -5.42127e-08
99.9046 -5.43501e-08
99.9046 -5.44875e-08
99.9046 -5.46249e-08
99.9046 -5.47622e-08
99.9046 -5.48995e-08
99.9046 -5.50368e-08
99.9046 -5.51756e-08
99.9046 -5.53129e-08
99.9046 -5.54501e-08
99.9046 -5.55874e-08
99.9046 -5.57247e-08
99.9046 -5.5862e-08
99.9046 -5.59991e-08
99.9046 -5.61364e-08
99.9046 -5.62738e-08
99.9046 -5.64112e-08
99.9046 -5.65484e-08
99.9046 -5.66856e-08
99.9046 -5.68228e-08
99.9046 -5.69601e-08
99.9046 -5.70972e-08
99.9046 -5.72344e-08
99.9046 -5.73718e-08
99.9046 -5.75091e-08
99.9046 -5.76463e-08
99.9046 -5.77837e-08
99.9046 -5.79223e-08
99.9046 -5.80596e-08
99.9046 -5.81968e-08
99.9046 -5.83341e-08
99.9046 -5.84715e-08
99.9046 -5.86088e-08
99.9046 -5.87461e-08
99.9046 -5.88834e-08
99.9046 -5.90207e-08
99.9046 -5.91582e-08
99.9046 -5.92956e-08
99.9046 -5.9433e-08
99.9046 -5.95704e-08
99.9046 -5.97079e-08
99.9046 -5.98452e-08
99.9046 -5.99828e-08
99.9046 -6.01203e-08
99.9046 -6.0258e-08
99.9046 -6.03955e-08
99.9046 -6.0533e-08
99.9046 -6.0672e-08
99.9046 -6.08098e-08
99.9046 -6.09474e-08
99.9046 -6.1085e-08
99.9046 -6.12227e-08
99.9046 -6.13603e-08
99.9046 -6.14981e-08
99.9046 -6.1636e-08
99.9046 -6.17738e-08
99.9046 -6.19115e-08
99.9046 -6.20493e-08
99.9046 -6.2187e-08
99.9046 -6.23248e-08
99.9046 -6.24627e-08
99.9046 -6.26005e-08
99.9046 -6.27384e-08
99.9046 -6.28763e-08
99.9046 -6.30141e-08
99.9046 -6.31519e-08
99.9046 -6.32897e-08
99.9046 -6.34289e-08
99.9046 -6.35668e-08
99.9046 -6.37048e-08
99.9046 -6.38426e-08
99.9046 -6.39803e-08
99.9046 -6.41181e-08
99.9046 -6.42558e-08
99.9046 -6.43936e-08
99.9046 -6.45314e-08
99.9046 -6.4669e-08
99.9046 -6.48067e-08
99.9046 -6.49444e-08
99.9046 -6.50821e-08
99.9046 -6.52197e-08
99.9046 -6.53573e-08
99.9046 -6.5495e-08
99.9046 -6.56326e-08
99.9046 -6.57702e-08
99.9046 -6.59077e-08
99.9046 -6.60452e-08
99.9046 -6.61842e-08
99.9046 -6.63217e-08
99.9046 -6.64592e-08
99.9046 -6.65966e-08
99.9046 -6.6734e-08
99.9046 -6.68715e-08
99.9046 -6.7009e-08
99.9046 -6.71462e-08
99.9046 -6.72835e-08
99.9046 -6.74205e-08
99.9046 -6.75576e-08
99.9046 -6.76949e-08
99.9046 -6.78322e-08
99.9046 -6.79693e-08
99.9046 -6.81063e-08
99.9046 -6.82433e-08
99.9046 -6.83804e-08
99.9046 -6.85174e-08
99.9046 -6.86544e-08
99.9046 -6.87928e-08
99.9046 -6.89298e-08
99.9046 -6.90668e-08
99.9046 -6.92038e-08
99.9046 -6.93406e-08
99.9046 -6.94776e-08
99.9046 -6.96144e-08
99.9046 -6.97512e-08
99.9046 -6.98879e-08
99.9046 -7.00246e-08
99.9046 -7.01613e-08
99.9046 -7.02978e-08
99.9046 -7.04345e-08
99.9046 -7.05713e-08
99.9046 -7.0708e-08
99.9046 -7.08446e-08
99.9046 -7.09815e-08
99.9046 -7.11181e-08
99.9046 -7.12548e-08
99.9046 -7.13912e-08
99.9046 -7.15294e-08
99.9046 -7.16661e-08
99.9046 -7.18027e-08
99.9046 -7.19392e-08
99.9046 -7.20758e-08
99.9046 -7.22124e-08
99.9046 -7.2349e-08
99.9046 -7.24857e-08
99.9046 -7.26223e-08
99.9046 -7.27589e-08
99.9046 -7.28955e-08
99.9046 -7.30323e-08
99.9046 -7.31689e-08
99.9046 -7.33057e-08
99.9046 -7.34424e-08
99.9046 -7.35791e-08
99.9046 -7.37158e-08
99.9046 -7.38528e-08
99.9046 -7.39896e-08
99.9046 -7.41265e-08
99.9046 -7.42649e-08
99.9046 -7.44021e-08
99.9046 -7.45392e-08
99.9046 -7.4676e-08
99.9046 -7.48127e-08
99.9046 -7.49497e-08
99.9046 -7.50866e-08
99.9046 -7.52237e-08
99.9046 -7.53607e-08
99.9046 -7.54978e-08
99.9046 -7.56349e-08
99.9046 -7.5772e-08
99.9046 -7.59092e-08
99.9046 -7.60464e-08
99.9046 -7.61837e-08
99.9046 -7.6321e-08
99.9046 -7.64582e-08
99.9046 -7.65955e-08
99.9046 -7.67329e-08
99.9046 -7.68703e-08
99.9046 -7.70093e-08
99.9046 -7.71467e-08
99.9046 -7.72842e-08
99.9046 -7.74216e-08
99.9046 -7.75591e-08
99.9046 -7.76966e-08
99.9046 -7.78343e-08
99.9046 -7.79718e-08
99.9046 -7.81096e-08
99.9046 -7.82474e-08
99.9046 -7.8385e-08
99.9046 -7.85229e-08
99.9046 -7.86608e-08
99.9046 -7.87988e-08
99.9046 -7.89366e-08
99.9046 -7.90744e-08
99.9046 -7.92122e-08
99.9046 -7.93501e-08
99.9046 -7.94879e-08
99.9046 -7.96258e-08
99.9046 -7.97651e-08
99.9046 -7.99029e-08
99.9046 -8.00407e-08
99.9046 -8.01785e-08
99.9046 -8.03161e-08
99.9046 -8.04541e-08
99.9046 -8.05919e-08
99.9046 -8.07296e-08
99.9046 -8.08674e-08
99.9046 -8.10052e-08
99.9046 -8.11427e-08
99.9046 -8.12804e-08
99.9046 -8.1418e-08
99.9046 -8.15556e-08
99.9046 -8.16931e-08
99.9046 -8.18308e-08
99.9046 -8.19684e-08
99.9046 -8.21059e-08
99.9046 -8.22434e-08
99.9046 -8.23823e-08
99.9046 -8.25198e-08
99.9046 -8.26572e-08
99.9046 -8.27945e-08
99.9046 -8.29319e-08
99.9046 -8.30691e-08
99.9046 -8.32065e-08
99.9046 -8.33437e-08
99.9046 -8.34809e-08
99.9046 -8.36183e-08
99.9046 -8.37553e-08
99.9046 -8.38924e-08
99.9046 -8.40295e-08
99.9046 -8.41665e-08
99.9046 -8.43036e-08
99.9046 -8.44407e-08
99.9046 -8.45778e-08
99.9046 -8.47147e-08
99.9046 -8.48515e-08
99.9046 -8.49886e-08
99.9046 -8.51269e-08
99.9046 -8.52637e-08
99.9046 -8.54004e-08
99.9046 -8.55371e-08
99.9046 -8.56738e-08
99.9046 -8.58104e-08
99.9046 -8.59471e-08
99.9046 -8.60837e-08
99.9046 -8.62204e-08
99.9046 -8.6357e-08
99.9046 -8.64936e-08
99.9046 -8.66302e-08
99.9046 -8.6767e-08
99.9046 -8.69037e-08
99.9046 -8.70405e-08
99.9046 -8.71772e-08
99.9046 -8.73139e-08
99.9046 -8.74507e-08
99.9046 -8.75875e-08
99.9046 -8.77243e-08
99.9046 -8.78625e-08
99.9046 -8.79994e-08
99.9046 -8.81363e-08
99.9046 -8.82732e-08
99.9046 -8.84102e-08
99.9046 -8.85473e-08
99.9046 -8.86842e-08
99.9046 -8.88211e-08
99.9046 -8.89583e-08
99.9046 -8.90954e-08
99.9046 -8.92325e-08
99.9046 -8.93698e-08
99.9046 -8.95071e-08
99.9046 -8.96445e-08
99.9046 -8.97819e-08
99.9046 -8.99194e-08
99.9046 -9.0057e-08
99.9046 -9.01945e-08
99.9046 -9.03322e-08
99.9046 -9.047e-08
99.9046 -9.06092e-08
99.9046 -9.07471e-08
99.9046 -9.08849e-08
99.9046 -9.10227e-08
99.9046 -9.11607e-08
99.9046 -9.12988e-08
99.9046 -9.14368e-08
99.9046 -9.1575e-08
99.9046 -9.17132e-08
99.9046 -9.18514e-08
99.9046 -9.19897e-08
99.9046 -9.21279e-08
99.9046 -9.22662e-08
99.9046 -9.24045e-08
99.9046 -9.25429e-08
99.9046 -9.26814e-08
99.9046 -9.28198e-08
99.9046 -9.29584e-08
99.9046 -9.30969e-08
99.9046 -9.32369e-08
99.9046 -9.33755e-08
99.9046 -9.3514e-08
99.9046 -9.36527e-08
99.9046 -9.37914e-08
99.9046 -9.39301e-08
99.9046 -9.40686e-08
99.9046 -9.42073e-08
99.9046 -9.4346e-08
99.9046 -9.44846e-08
99.9046 -9.46232e-08
99.9046 -9.47619e-08
99.9046 -9.49003e-08
99.9046 -9.50387e-08
99.9046 -9.51769e-08
99.9046 -9.5315e-08
99.9046 -9.54535e-08
99.9046 -9.55918e-08
99.9046 -9.57301e-08
99.9046 -9.58684e-08
99.9046 -9.6008e-08
99.9046 -9.61462e-08
99.9046 -9.62844e-08
99.9046 -9.64225e-08
99.9046 -9.65606e-08
99.9046 -9.66986e-08
99.9046 -9.68366e-08
99.9046 -9.69745e-08
99.9046 -9.71124e-08
99.9046 -9.72502e-08
99.9046 -9.7388e-08
99.9046 -9.75255e-08
99.9046 -9.76632e-08
99.9046 -9.78007e-08
99.9046 -9.79384e-08
99.9046 -9.8076e-08
99.9046 -9.82135e-08
99.9046 -9.8351e-08
99.9046 -9.84883e-08
99.9046 -9.86257e-08
99.9046 -9.87645e-08
99.9046 -9.89017e-08
99.9046 -9.9039e-08
99.9046 -9.91761e-08
99.9046 -9.93133e-08
99.9046 -9.94503e-08
99.9046 -9.95873e-08
99.9046 -9.97244e-08
99.9046 -9.98614e-08
99.9046 -9.99984e-08
99.9046 -1.00135e-07
99.9046 -1.00273e-07
99.9046 -1.0041e-07
99.9046 -1.00546e-07
99.9046 -1.00683e-07
99.9046 -1.0082e-07
99.9046 -1.00957e-07
99.9046 -1.01094e-07
99.9046 -1.01231e-07
99.9046 -1.01368e-07
99.9046 -1.01507e-07
99.9046 -1.01644e-07
99.9046 -1.01781e-07
99.9046 -1.01918e-07
99.9046 -1.02055e-07
99.9046 -1.02193e-07
99.9046 -1.0233e-07
99.9046 -1.02468e-07
99.9046 -1.02605e-07
99.9046 -1.02742e-07
99.9046 -1.0288e-07
99.9046 -1.03017e-07
99.9046 -1.03155e-07
99.9046 -1.03292e-07
99.9046 -1.0343e-07
99.9046 -1.03568e-07
99.9046 -1.03706e-07
99.9046 -1.03843e-07
99.9046 -1.03981e-07
99.9046 -1.04119e-07
99.9046 -1.04258e-07
99.9046 -1.04396e-07
99.9046 -1.04535e-07
99.9046 -1.04673e-07
99.9046 -1.04811e-07
99.9046 -1.04949e-07
99.9046 -1.05088e-07
99.9046 -1.05226e-07
99.9046 -1.05365e-07
99.9046 -1.05503e-07
99.9046 -1.05642e-07
99.9046 -1.0578e-07
99.9046 -1.05919e-07
99.9046 -1.06057e-07
99.9046 -1.06196e-07
99.9046 -1.06335e-07
99.9046 -1.06473e-07
99.9046 -1.06612e-07
99.9046 -1.06751e-07
99.9046 -1.06891e-07
99.9046 -1.0703e-07
99.9046 -1.07169e-07
99.9046 -1.07307e-07
99.9046 -1.07446e-07
99.9046 -1.07585e-07
99.9046 -1.07724e-07
99.9046 -1.07862e-07
99.9046 -1.08001e-07
99.9046 -1.0814e-07
99.9046 -1.08279e-07
99.9046 -1.08417e-07
99.9046 -1.08556e-07
99.9046 -1.08695e-07
99.9046 -1.08833e-07
99.9046 -1.08972e-07
99.9046 -1.0911e-07
99.9046 -1.09249e-07
99.9046 -1.09387e-07
99.9046 -1.09526e-07
99.9046 -1.09666e-07
99.9046 -1.09804e-07
99.9046 -1.09942e-07
99.9046 -1.1008e-07
99.9046 -1.10218e-07
99.9046 -1.10356e-07
99.9046 -1.10494e-07
99.9046 -1.10632e-07
99.9046 -1.1077e-07
99.9046 -1.10908e-07
99.9046 -1.11046e-07
99.9046 -1.11183e-07
99.9046 -1.11321e-07
99.9046 -1.11458e-07
99.9046 -1.11596e-07
99.9046 -1.11733e-07
99.9046 -1.11871e-07
99.9046 -1.12008e-07
99.9046 -1.12145e-07
99.9046 -1.12283e-07
99.9046 -1.12421e-07
99.9046 -1.12559e-07
99.9046 -1.12696e-07
99.9046 -1.12833e-07
99.9046 -1.1297e-07
99.9046 -1.13107e-07
99.9046 -1.13244e-07
99.9046 -1.13381e-07
99.9046 -1.13518e-07
99.9046 -1.13655e-07
99.9046 -1.13791e-07
99.9046 -1.13928e-07
99.9046 -1.14065e-07
99.9046 -1.14202e-07
99.9046 -1.14339e-07
99.9046 -1.14476e-07
99.9046 -1.14613e-07
99.9046 -1.14749e-07
99.9046 -1.14886e-07
99.9046 -1.15023e-07
99.9046 -1.15161e-07
99.9046 -1.15298e-07
99.9046 -1.15435e-07
99.9046 -1.15571e-07
99.9046 -1.15708e-07
99.9046 -1.15845e-07
99.9046 -1.15982e-07
99.9046 -1.16119e-07
99.9046 -1.16256e-07
99.9046 -1.16393e-07
99.9046 -1.1653e-07
99.9046 -1.16668e-07
99.9046 -1.16805e-07
99.9046 -1.16942e-07
99.9046 -1.17079e-07
99.9046 -1.17217e-07
99.9046 -1.17354e-07
99.9046 -1.17492e-07
99.9046 -1.17629e-07
99.9046 -1.17767e-07
99.9046 -1.17906e-07
99.9046 -1.18044e-07
99.9046 -1.18182e-07
99.9046 -1.1832e-07
99.9046 -1.18458e-07
99.9046 -1.18596e-07
99.9046 -1.18734e-07
99.9046 -1.18872e-07
99.9046 -1.1901e-07
99.9046 -1.19148e-07
99.9046 -1.19286e-07
99.9046 -1.19424e-07
99.9046 -1.19563e-07
99.9046 -1.19701e-07
99.9046 -1.1984e-07
99.9046 -1.19978e-07
99.9046 -1.20117e-07
99.9046 -1.20255e-07
99.9046 -1.20394e-07
99.9046 -1.20534e-07
99.9046 -1.20673e-07
99.9046 -1.20811e-07
99.9046 -1.2095e-07
99.9046 -1.21089e-07
99.9046 -1.21227e-07
99.9046 -1.21366e-07
99.9046 -1.21505e-07
99.9046 -1.21644e-07
99.9046 -1.21782e-07
99.9046 -1.21921e-07
99.9046 -1.2206e-07
99.9046 -1.22199e-07
99.9046 -1.22337e-07
99.9046 -1.22476e-07
99.9046 -1.22615e-07
99.9046 -1.22754e-07
99.9046 -1.22893e-07
99.9046 -1.23031e-07
99.9046 -1.2317e-07
99.9046 -1.2331e-07
99.9046 -1.23449e-07
99.9046 -1.23587e-07
99.9046 -1.23726e-07
99.9046 -1.23864e-07
99.9046 -1.24002e-07
99.9046 -1.24141e-07
99.9046 -1.24279e-07
99.9046 -1.24417e-07
99.9046 -1.24555e-07
99.9046 -1.24693e-07
99.9046 -1.24831e-07
99.9046 -1.24969e-07
99.9046 -1.25107e-07
99.9046 -1.25245e-07
99.9046 -1.25383e-07
99.9046 -1.25521e-07
99.9046 -1.25658e-07
99.9046 -1.25796e-07
99.9046 -1.25934e-07
99.9046 -1.26073e-07
99.9046 -1.2621e-07
99.9046 -1.26347e-07
99.9046 -1.26484e-07
99.9046 -1.26622e-07
