99.9046 8.44408e-07 52.4032 88.6816 99.7056 6.30249 46.7043 91.8108
99.9046 3.44921e-06 55.1264 90.5467 99.1094 12.5799 43.286 96.7675
99.9046 7.90661e-06 58.1015 92.11 98.1184 18.8071 39.7229 101.401
99.9046 1.42883e-05 61.3072 93.3658 96.7365 24.9595 36.0372 105.722
99.9046 2.26454e-05 64.721 94.3086 94.9692 31.0124 32.2484 109.74
99.9046 3.3008e-05 68.3196 94.9332 92.8236 36.9418 28.3738 113.467
99.9046 4.53851e-05 72.0792 95.235 90.3083 42.724 24.4286 116.912
99.9046 5.97642e-05 75.9752 95.2099 87.4331 48.336 20.4263 120.083
99.9046 7.61112e-05 79.9827 94.8551 84.2097 53.7555 16.3791 122.99
99.9046 9.43699e-05 84.0768 94.1687 80.6508 58.9608 12.2978 125.64
99.9046 0.000114462 88.2319 93.1498 76.7706 63.9313 8.19227 128.042
99.9046 0.000136285 92.4229 91.7991 72.5845 68.647 4.07144 130.202
99.9046 0.000159715 96.6245 90.1185 68.1093 73.0893 -0.0565547 132.127
99.9046 0.0001846 100.812 88.1113 63.3628 77.2404 -4.18426 133.825
99.9046 0.000210764 104.959 85.7823 58.3639 81.0839 -8.3048 135.3
99.9046 0.000238002 109.044 83.1376 53.1324 84.6043 -12.4118 136.559
99.9046 0.000266078 113.041 80.185 47.6893 87.7876 -16.4994 137.607
99.9047 0.000294723 116.928 76.9336 42.0562 90.6213 -20.562 138.449
99.9047 0.000323627 120.682 73.394 36.2556 93.0939 -24.5943 139.09
99.9047 0.000352439 124.282 69.5781 30.3105 95.1957 -28.5915 139.534
99.9048 0.000380753 127.708 65.4993 24.2447 96.9183 -32.5489 139.786
99.9048 0.000408104 130.939 61.1723 18.0823 98.2548 -36.462 139.849
99.9048 0.00043395 133.959 56.6129 11.8478 99.1998 -40.3265 139.727
99.9049 0.000457663 136.748 51.8383 5.56615 99.7497 -44.1382 139.424
99.9049 0.000478504 139.293 46.8666 -0.737675 99.9022 -47.8932 138.944
99.905 0.000495605 141.579 41.7171 -7.03857 99.6567 -51.5873 138.288
99.9051 0.000507944 143.593 36.4099 -13.3114 99.0143 -55.2169 137.461
99.9051 0.000514316 145.323 30.9661 -19.5313 97.9774 -58.7782 136.465
99.9052 0.000513316 146.76 25.4074 -25.6733 96.5502 -62.2673 135.303
99.9053 0.000503318 147.896 19.7561 -31.713 94.7384 -65.6805 133.976
99.9054 0.000482482 148.725 14.0353 -37.6265 92.5491 -69.0143 132.489
99.9055 0.000448771 149.243 8.26817 -43.39 89.9912 -72.2648 130.842
99.9057 0.000400002 149.446 2.47841 -48.9807 87.0749 -75.4284 129.038
99.9058 0.000333928 149.334 -3.31024 -54.3763 83.8116 -78.5014 127.079
99.9059 0.000248329 148.908 -9.07401 -59.5553 80.2145 -81.4799 124.967
99.9061 0.000141128 148.17 -14.7893 -64.497 76.2979 -84.3602 122.704
99.9062 1.04818e-05 147.125 -20.4326 -69.1818 72.0773 -87.1383 120.292
99.9064 -0.000145134 145.78 -25.9811 -73.591 67.5696 -89.8101 117.733
99.9065 -0.000326878 144.143 -31.4123 -77.7071 62.7928 -92.3715 115.028
99.9067 -0.000535515 142.224 -36.7043 -81.5136 57.7658 -94.8182 112.18
99.9069 -0.000771424 140.033 -41.8362 -84.9954 52.5087 -97.1455 109.189
99.907 -0.00103461 137.585 -46.7876 -88.1386 47.0425 -99.3488 106.059
99.9072 -0.00132475 134.893 -51.5394 -90.9308 41.3889 -101.423 102.79
99.9073 -0.00164119 131.973 -56.0732 -93.3607 35.5704 -103.363 99.3843
99.9074 -0.00198302 128.844 -60.372 -95.4187 29.6103 -105.164 95.8437
99.9076 -0.00234905 125.522 -64.4198 -97.0966 23.5322 -106.819 92.1701
99.9077 -0.0027379 122.028 -68.2017 -98.3878 17.3603 -108.323 88.3653
99.9078 -0.00314799 118.382 -71.7045 -99.2871 11.1194 -109.669 84.4311
99.9078 -0.00357756 114.606 -74.9161 -99.7908 4.83412 -110.85 80.3697
99.9079 -0.00402471 110.723 -77.8257 -99.8971 -1.47037 -111.859 76.1832
99.908 -0.00448738 106.755 -80.4241 -99.6054 -7.769 -112.689 71.874
99.908 -0.00496342 102.727 -82.7033 -98.917 -14.0367 -113.331 67.4446
99.908 -0.00545057 98.6627 -84.657 -97.8346 -20.2484 -113.776 62.8979
99.908 -0.00594648 94.5871 -86.2802 -96.3625 -26.3795 -114.015 58.2369
99.908 -0.00644873 90.5252 -87.5691 -94.5065 -32.4055 -114.038 53.4652
99.9079 -0.00695486 86.5023 -88.5215 -92.2741 -38.3025 -113.833 48.5868
99.9079 -0.00746235 82.5436 -89.1364 -89.6742 -44.0468 -113.39 43.6062
99.9078 -0.00796864 78.6745 -89.4138 -86.717 -49.6157 -112.694 38.5286
99.9077 -0.00847118 74.9199 -89.355 -83.4145 -54.9869 -111.734 33.3602
99.9075 -0.0089674 71.3044 -88.9621 -79.7797 -60.1392 -110.492 28.1079
99.9074 -0.00945474 67.8521 -88.2381 -75.8271 -65.0518 -108.954 22.7801
99.9072 -0.00993068 64.5867 -87.1865 -71.5725 -69.7053 -107.101 17.3866
99.907 -0.0103927 61.5307 -85.8111 -67.0328 -74.0812 -104.914 11.939
99.9068 -0.0108384 58.7059 -84.1158 -62.2261 -78.162 -102.373 6.45116
99.9066 -0.0112653 56.1326 -82.1043 -57.1715 -81.9314 -99.454 0.939736
99.9064 -0.0116711 53.8296 -79.7797 -51.8892 -85.3745 -96.1326 -4.5752
99.9061 -0.0120536 51.8138 -77.1437 -46.4002 -88.4775 -92.382 -10.0693
99.9059 -0.0124106 50.0999 -74.1969 -40.7264 -91.228 -88.1733 -15.513
99.9056 -0.01274 48.6993 -70.9374 -34.8903 -93.6151 -83.4756 -20.87
99.9053 -0.0130399 47.6197 -67.3608 -28.9153 -95.6293 -78.2568 -26.0958
99.905 -0.0133085 46.8638 -63.4592 -22.8251 -97.2626 -72.4835 -31.1356
99.9047 -0.0135441 46.4279 -59.2212 -16.644 -98.5085 -66.1235 -35.9218
99.9043 -0.013745 46.2997 -54.6312 -10.3966 -99.3619 -59.1472 -40.3712
99.904 -0.0139099 46.4562 -49.6699 -4.10781 -99.8195 -51.5319 -44.3817
99.9037 -0.0140373 46.86 -44.3156 2.19737 -99.8795 -43.2675 -47.8295
99.9033 -0.0141261 47.4568 -38.547 8.49378 -99.5416 -34.3655 -50.5671
99.903 -0.0141751 48.1714 -32.3481 14.7564 -98.8071 -24.8706 -52.4246
99.9026 -0.0141831 48.9079 -25.717 20.9601 -97.6791 -14.8759 -53.217
99.9022 -0.014149 49.5526 -18.6767 27.0804 -96.1619 -4.53779 -52.7607
99.9019 -0.0140714 49.9855 -11.2865 33.0928 -94.2616 5.91573 -50.9013
99.9015 -0.0139486 50.1 -3.64877 38.9734 -91.9858 16.1919 -47.5515
99.9011 -0.0137786 49.8275 4.09585 44.6986 -89.3435 25.9631 -42.7255
99.9007 -0.0135597 49.157 11.7877 50.2459 -86.3453 34.9171 -36.5535
99.9004 -0.0132902 48.1397 19.2762 55.5929 -83.0031 42.8086 -29.2647
99.9 -0.0129696 46.8744 26.444 60.7184 -79.3302 49.4917 -21.1439
99.8996 -0.0125978 45.4842 33.2184 65.6021 -75.3412 54.9224 -12.482
99.8993 -0.0121753 44.0919 39.5683 70.2244 -71.0521 59.1374 -3.53797
99.8989 -0.011703 42.8058 45.4933 74.5669 -66.4799 62.2251 5.4785
99.8986 -0.0111823 41.7123 51.0108 78.6123 -61.6428 64.299 14.41
99.8983 -0.0106148 40.8755 56.1464 82.3446 -56.5601 65.4794 23.1448
99.898 -0.0100021 40.3404 60.9268 85.7487 -51.2521 65.8817 31.6075
99.8978 -0.00934647 40.1358 65.3761 88.8112 -45.7398 65.6114 39.75
99.8975 -0.00864995 40.2783 69.5139 91.5199 -40.0453 64.762 47.5438
99.8973 -0.00791498 40.775 73.3549 93.8639 -34.1912 63.4148 54.9738
99.8971 -0.00714414 41.6259 76.9092 95.8339 -28.2009 61.6399 62.0345
99.8969 -0.00634014 42.8255 80.1827 97.4221 -22.0982 59.4975 68.7266
99.8968 -0.00550584 44.3643 83.1777 98.6221 -15.9075 57.0392 75.055
99.8967 -0.00464426 46.2294 85.8938 99.4292 -9.65335 54.3095 81.0271
99.8966 -0.00375851 48.4055 88.3283 99.84 -3.36073 51.3464 86.6518
99.8965 -0.00285183 50.8753 90.4771 99.8531 2.94528 48.183 91.9391
99.8965 -0.00192755 53.6197 92.3348 99.4683 9.23958 44.8478 96.8993
99.8965 -0.000989074 56.6184 93.8956 98.6871 15.4971 41.3658 101.543
99.8965 -3.98877e-05 59.8496 95.1533 97.5127 21.6928 37.7586 105.879
99.8966 0.000916475 63.2911 96.1019 95.9498 27.8021 34.0455 109.919
99.8967 0.00187644 66.9195 96.7355 94.0046 33.8007 30.2434 113.672
99.8968 0.0028364 70.7107 97.0492 91.6847 39.6646 26.3673 117.147
99.8969 0.00379274 74.6405 97.0385 88.9996 45.3705 22.4306 120.352
99.8971 0.00474185 78.6838 96.7002 85.9598 50.8955 18.4452 123.296
99.8973 0.00568012 82.8157 96.0319 82.5774 56.2178 14.422 125.986
99.8976 0.006604 87.0107 95.0326 78.8661 61.3161 10.3707 128.431
99.8978 0.00750994 91.2436 93.7026 74.8404 66.1701 6.30019 130.636
99.8981 0.00839449 95.4891 92.0435 70.5166 70.7605 2.21864 132.609
99.8985 0.00925423 99.7221 90.0582 65.9118 75.0689 -1.86652 134.356
99.8988 0.0100858 103.918 87.7513 61.0443 79.0782 -5.94842 135.882
99.8992 0.0108861 108.052 85.1287 55.9336 82.7724 -10.0207 137.192
99.8996 0.0116519 112.101 82.1978 50.6 86.1369 -14.0773 138.293
99.9 0.0123801 116.042 78.9677 45.0648 89.1581 -18.1128 139.189
99.9004 0.0130679 119.852 75.4485 39.3501 91.8241 -22.1219 139.884
99.9009 0.0137125 123.509 71.6521 33.4785 94.1242 -26.0997 140.383
99.9013 0.0143113 126.994 67.5917 27.4735 96.0494 -30.0413 140.689
99.9018 0.0148616 130.286 63.2816 21.3591 97.5918 -33.9423 140.808
99.9023 0.0153612 133.367 58.7377 15.1595 98.7454 -37.7983 140.741
99.9028 0.0158076 136.22 53.9768 8.89958 99.5056 -41.6052 140.493
99.9034 0.0161987 138.829 49.0171 2.60415 99.8694 -45.3589 140.067
99.9039 0.0165324 141.18 43.8775 -3.70166 99.8353 -49.0553 139.466
99.9044 0.0168067 143.26 38.5781 -9.99273 99.4034 -52.6906 138.692
99.905 0.0170196 145.058 33.1398 -16.244 98.5756 -56.261 137.749
99.9056 0.0171691 146.563 27.5843 -22.4306 97.355 -59.7626 136.638
99.9061 0.0172534 147.768 21.9338 -28.5278 95.7465 -63.1917 135.363
99.9067 0.0172704 148.665 16.2112 -34.5114 93.7567 -66.5445 133.925
99.9073 0.0172184 149.251 10.4398 -40.3574 91.3933 -69.8173 132.327
99.9078 0.0170954 149.523 4.64314 -46.0428 88.6659 -73.0064 130.571
99.9084 0.0168998 149.479 -1.15506 -51.5447 85.5853 -76.1079 128.658
99.909 0.0166301 149.12 -6.931 -56.8413 82.1637 -79.118 126.591
99.9095 0.016285 148.449 -12.661 -61.9114 78.4149 -82.0329 124.371
99.9101 0.0158638 147.471 -18.3217 -66.735 74.3537 -84.8485 122
99.9106 0.0153662 146.19 -23.8899 -71.2927 69.9963 -87.5608 119.48
99.9112 0.0147924 144.616 -29.3432 -75.5664 65.3602 -90.1655 116.812
99.9117 0.0141435 142.758 -34.6596 -79.5392 60.4637 -92.6582 113.999
99.9121 0.0134207 140.628 -39.8179 -83.1951 55.3264 -95.0343 111.041
99.9126 0.0126261 138.238 -44.7978 -86.5197 49.9687 -97.2892 107.941
99.913 0.0117623 135.602 -49.5798 -89.4996 44.4121 -99.4177 104.7
99.9134 0.0108323 132.736 -54.1456 -92.1231 38.6785 -101.415 101.32
99.9138 0.00983964 129.658 -58.4778 -94.3796 32.7909 -103.274 97.8016
99.9141 0.00878813 126.385 -62.5603 -96.2603 26.7728 -104.991 94.1476
99.9144 0.00768208 122.937 -66.3781 -97.7576 20.648 -106.559 90.3593
99.9146 0.0065261 119.336 -69.9177 -98.8655 14.441 -107.972 86.4386
99.9148 0.00532507 115.601 -73.1667 -99.5797 8.17651 -109.221 82.3873
99.915 0.00408415 111.756 -76.1142 -99.8973 1.87948 -110.302 78.2075
99.9151 0.00280871 107.824 -78.7507 -99.817 -4.42503 -111.204 73.9013
99.9151 0.00150433 103.829 -81.0681 -99.3392 -10.7119 -111.92 69.4711
99.9151 0.000176766 99.794 -83.0597 -98.4658 -16.9561 -112.442 64.9196
99.9151 -0.00116811 95.7451 -84.7203 -97.2003 -23.1327 -112.759 60.2498
99.915 -0.00252431 91.7068 -86.0458 -95.5477 -29.2172 -112.861 55.4649
99.9148 -0.00388577 87.7045 -87.0337 -93.5145 -35.1853 -112.738 50.5688
99.9146 -0.00524636 83.7634 -87.6827 -91.109 -41.0133 -112.376 45.5657
99.9144 -0.00659995 79.9087 -87.9927 -88.3406 -46.6779 -111.763 40.4608
99.9141 -0.00794039 76.1654 -87.9644 -85.2204 -52.1566 -110.886 35.2599
99.9138 -0.00926159 72.5581 -87.5999 -81.7608 -57.4276 -109.728 29.9698
99.9134 -0.0105575 69.1109 -86.9016 -77.9757 -62.4698 -108.273 24.5985
99.913 -0.0118221 65.8473 -85.8728 -73.88 -67.2633 -106.504 19.1558
99.9125 -0.0130497 62.79 -84.5169 -69.4901 -71.7888 -104.4 13.653
99.912 -0.0142344 59.9604 -82.8375 -64.8234 -76.0285 -101.939 8.10371
99.9114 -0.0153708 57.379 -80.8378 -59.8986 -79.9653 -99.0996 2.52448
99.9108 -0.0164534 55.0642 -78.5206 -54.7353 -83.5836 -95.8549 -3.06477
99.9102 -0.0174771 53.033 -75.8872 -49.3539 -86.8691 -92.1776 -8.63979
99.9095 -0.0184371 51.2993 -72.9377 -43.7761 -89.8085 -88.0381 -14.171
99.9088 -0.0193285 49.8744 -69.6698 -38.0238 -92.3903 -83.4045 -19.622
99.9081 -0.020147 48.7653 -66.0787 -32.1202 -94.604 -78.2435 -24.948
99.9074 -0.0208885 47.9738 -62.1563 -26.0886 -96.441 -72.5208 -30.0937
99.9066 -0.0215492 47.4953 -57.8908 -19.9532 -97.8938 -66.2027 -34.9908
99.9058 -0.0221255 47.3161 -53.2666 -13.7383 -98.9567 -59.2583 -39.5549
99.905 -0.0226143 47.4115 -48.2645 -7.46863 -99.6254 -51.6639 -43.6824
99.9042 -0.0230126 47.7421 -42.8637 -1.16926 -99.8973 -43.4087 -47.2472
99.9033 -0.023318 48.2513 -37.0443 5.13476 -99.7713 -34.5036 -50.0995
99.9025 -0.0235282 48.8616 -30.7931 11.4183 -99.2478 -24.9944 -52.0668
99.9017 -0.023641 49.4754 -24.1122 17.6564 -98.329 -14.976 -52.9617
99.9008 -0.0236547 49.9788 -17.0302 23.8241 -97.0185 -4.60759 -52.5992
99.8999 -0.0235671 50.254 -9.61278 29.8969 -95.3214 5.87917 -50.8262
99.8991 -0.0233763 50.1998 -1.96824 35.8505 -93.2447 16.1891 -47.5585
99.8983 -0.0230804 49.7562 5.75931 41.6614 -90.7964 25.9947 -42.815
99.8974 -0.0226777 48.9216 13.4107 47.3063 -87.9864 34.9869 -36.73
99.8966 -0.0221674 47.7554 20.8399 52.7627 -84.8259 42.9255 -29.5343
99.8958 -0.0215496 46.3612 27.9362 58.0089 -81.3274 49.6698 -21.5106
99.895 -0.0208254 44.8633 34.6341 63.0239 -77.5048 55.1783 -12.9455
99.8942 -0.0199964 43.3833 40.9082 67.7879 -73.3734 59.4881 -4.09348
99.8935 -0.0190651 42.0267 46.7619 72.2817 -68.9497 62.6857 4.84011
99.8928 -0.0180344 40.8768 52.2151 76.4876 -64.2512 64.8816 13.7006
99.8921 -0.0169076 39.995 57.2944 80.3887 -59.2967 66.1927 22.3778
99.8915 -0.0156886 39.4237 62.0267 83.9694 -54.1059 66.7316 30.7968
99.891 -0.0143816 39.19 66.436 87.2156 -48.6995 66.6009 38.9093
99.8904 -0.0129911 39.309 70.5416 90.1142 -43.099 65.8918 46.6859
99.89 -0.011522 39.7867 74.3575 92.6537 -37.3268 64.6841 54.1109
99.8895 -0.00997969 40.6224 77.8933 94.824 -31.4058 63.0463 61.1776
99.8892 -0.00836961 41.8101 81.1542 96.6164 -25.3596 61.0378 67.8858
99.8888 -0.00669762 43.3399 84.1422 98.0238 -19.2123 58.7093 74.2393
99.8886 -0.00496983 45.1986 86.8563 99.0405 -12.9884 56.1048 80.2446
99.8884 -0.00319259 47.3709 89.2934 99.6626 -6.71279 53.2619 85.9097
99.8882 -0.00137242 49.8393 91.4487 99.8874 -0.41038 50.2133 91.2439
99.8882 0.000483931 52.5847 93.3168 99.7141 5.89369 46.9876 96.2566
99.8881 0.00236959 55.5867 94.8912 99.1435 12.1743 43.6094 100.958
99.8882 0.00427754 58.8237 96.1654 98.1777 18.4064 40.1005 105.356
99.8883 0.00620067 62.2734 97.1331 96.8206 24.5652 36.4801 109.462
99.8884 0.00813179 65.9124 97.7882 95.0776 30.6261 32.765 113.285
99.8887 0.0100637 69.7168 98.1252 92.9556 36.5649 28.9703 116.832
99.8889 0.0119891 73.6622 98.1395 90.4632 42.3581 25.1095 120.112
99.8893 0.0139007 77.7238 97.8276 87.6103 47.9824 21.1946 123.134
99.8897 0.0157915 81.8765 97.1867 84.4081 53.4156 17.2364 125.904
99.8901 0.0176542 86.0949 96.2156 80.8695 58.6358 13.245 128.43
99.8906 0.0194819 90.3538 94.9142 77.0086 63.6224 9.22906 130.719
99.8912 0.0212676 94.6279 93.2839 72.8408 68.3555 5.19698 132.775
99.8918 0.0230045 98.8922 91.3274 68.3826 72.8161 1.15623 134.607
99.8925 0.0246862 103.122 89.049 63.652 76.9866 -2.88621 136.219
99.8932 0.0263063 107.292 86.4543 58.6676 80.8503 -6.9239 137.616
99.8939 0.0278585 111.38 83.5506 53.4494 84.3918 -10.9508 138.803
99.8947 0.029337 115.362 80.3466 48.0181 87.5969 -14.9613 139.786
99.8956 0.0307361 119.215 76.8523 42.3955 90.453 -18.95 140.568
99.8964 0.0320505 122.918 73.0793 36.6039 92.9487 -22.912 141.154
99.8973 0.0332751 126.45 69.0405 30.6664 95.0739 -26.8423 141.547
99.8983 0.0344051 129.791 64.7503 24.6067 96.8203 -30.7365 141.752
99.8992 0.0354361 132.924 60.2241 18.449 98.1809 -34.5902 141.771
99.9002 0.0363639 135.83 55.4788 12.2177 99.1503 -38.399 141.609
99.9012 0.0371847 138.493 50.5321 5.93767 99.7246 -42.1588 141.268
99.9022 0.0378949 140.9 45.4032 -0.366011 99.9016 -45.8657 140.75
99.9032 0.0384913 143.037 40.1117 -6.66824 99.6805 -49.5156 140.06
99.9043 0.0389711 144.892 34.6786 -12.9439 99.0622 -53.1047 139.198
99.9053 0.0393313 146.456 29.1254 -19.168 98.0493 -56.6291 138.169
99.9064 0.0395697 147.719 23.4741 -25.3158 96.6457 -60.0851 136.974
99.9074 0.0396841 148.676 17.7478 -31.3627 94.8571 -63.4688 135.614
99.9085 0.0396723 149.321 11.9694 -37.2847 92.6906 -66.7764 134.093
99.9095 0.0395329 149.652 6.16267 -43.0582 90.1549 -70.0042 132.412
99.9105 0.0392643 149.666 0.351195 -48.6601 87.26 -73.1484 130.574
99.9116 0.0388657 149.365 -5.4412 -54.0682 84.0176 -76.205 128.578
99.9125 0.0383367 148.751 -11.1908 -59.2609 80.4404 -79.1702 126.429
99.9135 0.0376773 147.828 -16.8742 -64.2176 76.5429 -82.0399 124.126
99.9145 0.0368886 146.602 -22.4682 -68.9185 72.3405 -84.81 121.673
99.9154 0.035972 145.081 -27.9502 -73.3448 67.85 -87.4763 119.07
99.9162 0.0349301 143.274 -33.2981 -77.4791 63.0892 -90.0344 116.318
99.9171 0.033766 141.192 -38.4907 -81.3047 58.0772 -92.4796 113.42
99.9178 0.0324836 138.848 -43.5075 -84.8066 52.8339 -94.8072 110.377
99.9186 0.0310876 136.255 -48.3288 -87.9707 47.3802 -97.0122 107.191
99.9192 0.0295834 133.431 -52.9362 -90.7844 41.7378 -99.0893 103.862
99.9198 0.0279769 130.391 -57.312 -93.2366 35.9293 -101.033 100.393
99.9204 0.0262748 127.153 -61.4401 -95.3175 29.9776 -102.837 96.7848
99.9209 0.0244841 123.738 -65.3052 -97.0188 23.9067 -104.497 93.0392
99.9213 0.0226123 120.165 -68.8936 -98.3338 17.7405 -106.004 89.1577
99.9216 0.0206674 116.456 -72.1927 -99.2572 11.5038 -107.352 85.1422
99.9219 0.0186578 112.632 -75.1915 -99.7853 5.22122 -108.534 80.9944
99.922 0.016592 108.719 -77.8801 -99.9162 -1.08208 -109.543 76.7164
99.9221 0.0144792 104.737 -80.2503 -99.6492 -7.38105 -110.369 72.3103
99.9222 0.0123285 100.714 -82.2951 -98.9853 -13.6506 -111.004 67.7786
99.9221 0.0101493 96.6715 -84.0091 -97.9274 -19.8658 -111.437 63.1239
99.922 0.00795112 92.6364 -85.388 -96.4796 -26.0018 -111.66 58.3493
99.9218 0.00574367 88.6332 -86.4291 -94.6476 -32.0343 -111.66 53.4583
99.9215 0.00353669 84.6874 -87.1309 -92.4387 -37.9392 -111.427 48.455
99.9211 0.00133992 80.8242 -87.4929 -89.8618 -43.6929 -110.945 43.3439
99.9206 -0.000836872 77.0684 -87.5159 -86.9271 -49.2727 -110.203 38.1307
99.9201 -0.00298401 73.4449 -87.2015 -83.6464 -54.6563 -109.183 32.8216
99.9195 -0.00509191 69.9777 -86.5523 -80.0325 -59.8222 -107.871 27.4243
99.9188 -0.00715112 66.6904 -85.5712 -76.1 -64.7499 -106.247 21.9479
99.9181 -0.00915237 63.6057 -84.2615 -71.8646 -69.4198 -104.291 16.4031
99.9173 -0.0110866 60.7453 -82.6269 -67.3429 -73.8132 -101.983 10.803
99.9164 -0.012945 58.1295 -80.6704 -62.5532 -77.9127 -99.298 5.16313
99.9154 -0.0147192 55.7772 -78.3948 -57.5144 -81.7019 -96.2112 -0.497317
99.9145 -0.0164008 53.7052 -75.8016 -52.2466 -85.1657 -92.6944 -6.15516
99.9134 -0.0179822 51.9279 -72.8908 -46.7707 -88.2904 -88.7174 -11.7819
99.9123 -0.0194559 50.4567 -69.6606 -41.1086 -91.0634 -84.2479 -17.3426
99.9112 -0.0208148 49.2988 -66.1062 -35.2829 -93.4738 -79.2517 -22.7941
99.91 -0.0220526 48.4567 -62.22 -29.3166 -95.512 -73.6936 -28.0827
99.9088 -0.0231631 47.9262 -57.9906 -23.2337 -97.1697 -67.5383 -33.1423
99.9075 -0.0241407 47.6944 -53.403 -17.0582 -98.4405 -60.753 -37.8908
99.9062 -0.0249804 47.7376 -48.4386 -10.8148 -99.3192 -53.311 -42.2269
99.9049 -0.0256777 48.0178 -43.077 -4.5283 -99.8023 -45.1974 -46.0276
99.9036 -0.0262285 48.48 -37.2987 1.77619 -99.8878 -36.4179 -49.145
99.9023 -0.0266294 49.049 -31.0902 8.07357 -99.5755 -27.0109 -51.4084
99.901 -0.0268772 49.6294 -24.4528 14.3388 -98.8666 -17.0621 -52.6298
99.8996 -0.0269693 50.1091 -17.4128 20.5469 -97.7638 -6.72016 -52.621
99.8983 -0.026903 50.3712 -10.0329 26.6731 -96.2716 3.79435 -51.2203
99.8969 -0.0266761 50.3136 -2.41763 32.693 -94.3958 14.1944 -48.3304
99.8956 -0.0262864 49.8729 5.29209 38.5827 -92.144 24.1554 -43.9525
99.8943 -0.0257325 49.0429 12.9384 44.3187 -89.525 33.3634 -38.2033
99.893 -0.0250138 47.8779 20.3742 49.8781 -86.5494 41.5666 -31.2988
99.8918 -0.0241309 46.4783 27.4863 55.2388 -83.2289 48.6089 -23.514
99.8905 -0.0230857 44.9668 34.2058 60.3793 -79.5767 54.4336 -15.1339
99.8894 -0.0218808 43.4653 40.5044 65.2793 -75.6075 59.065 -6.4162
99.8882 -0.0205199 42.0803 46.3837 69.9192 -71.337 62.5804 2.42785
99.8871 -0.0190074 40.8966 51.8624 74.2804 -66.7822 65.0843 11.237
99.8861 -0.0173482 39.9773 56.9666 78.3456 -61.9613 66.6902 19.8946
99.8852 -0.0155479 39.3661 61.7234 82.0987 -56.8934 67.5087 28.3204
99.8843 -0.013613 39.0912 66.1569 85.5245 -51.5987 67.642 36.4612
99.8834 -0.01155 39.1686 70.2867 88.6095 -46.0984 67.1814 44.2839
99.8827 -0.00936646 39.6051 74.1272 91.3413 -40.4144 66.2067 51.7695
99.882 -0.0070701 40.4005 77.6883 93.7091 -34.5692 64.7874 58.9089
99.8814 -0.00466923 41.5491 80.9755 95.7033 -28.5862 62.9834 65.6998
99.8809 -0.00217257 43.0415 83.9909 97.3161 -22.4893 60.8462 72.1442
99.8805 0.000410764 44.8649 86.7337 98.541 -16.3027 58.4204 78.2474
99.8801 0.00307129 47.0041 89.2009 99.3731 -10.0511 55.7444 84.0163
99.8799 0.00579922 49.4418 91.3878 99.8091 -3.75933 52.8516 89.459
99.8797 0.00858448 52.1591 93.2887 99.8473 2.5474 49.771 94.5844
99.8797 0.0114167 55.1359 94.8974 99.4874 8.84402 46.5278 99.4014
99.8797 0.0142855 58.3506 96.2072 98.7309 15.1054 43.1443 103.919
99.8798 0.0171801 61.781 97.2116 97.5808 21.3066 39.6401 108.146
99.88 0.0200897 65.404 97.9045 96.0417 27.4229 36.0326 112.092
99.8803 0.0230034 69.1956 98.2801 94.1197 33.43 32.337 115.764
99.8807 0.0259105 73.1316 98.3338 91.8225 39.3037 28.5674 119.171
99.8812 0.0287999 77.1871 98.0616 89.1593 45.0209 24.7359 122.32
99.8818 0.0316609 81.3372 97.4608 86.1406 50.5586 20.8538 125.218
99.8824 0.0344827 85.5564 96.5298 82.7785 55.8948 16.9312 127.872
99.8831 0.0372548 89.8196 95.2684 79.0863 61.0082 12.9772 130.289
99.884 0.0399668 94.1014 93.6777 75.0789 65.8784 9.00035 132.475
99.8849 0.0426085 98.3768 91.7602 70.7722 70.486 5.00834 134.435
99.8858 0.0451699 102.621 89.5199 66.1833 74.8127 1.00832 136.176
99.8869 0.0476416 106.809 86.9622 61.3306 78.8412 -2.99309 137.701
99.888 0.0500141 110.918 84.0941 56.2334 82.5555 -6.98971 139.017
99.8891 0.0522785 114.923 80.9241 50.912 85.9407 -10.9757 140.127
99.8903 0.0544265 118.804 77.462 45.3877 88.9834 -14.9457 141.036
99.8916 0.0564498 122.536 73.7192 39.6824 91.6714 -18.8945 141.749
99.8929 0.0583408 126.101 69.7084 33.819 93.994 -22.8173 142.267
99.8943 0.0600925 129.477 65.4437 27.8207 95.9421 -26.7092 142.597
99.8957 0.061698 132.647 60.9404 21.7115 97.5078 -30.5658 142.74
99.8972 0.0631514 135.592 56.215 15.5157 98.6849 -34.3829 142.7
99.8986 0.0644468 138.297 51.2854 9.25812 99.4687 -38.1561 142.48
99.9001 0.0655792 140.747 46.1703 2.9636 99.8562 -41.8814 142.082
99.9016 0.0665439 142.928 40.8894 -3.34275 99.8457 -45.5547 141.51
99.9032 0.0673368 144.829 35.4635 -9.6358 99.4374 -49.1722 140.767
99.9047 0.0679543 146.439 29.9138 -15.8905 98.6329 -52.7299 139.853
99.9062 0.0683931 147.75 24.2625 -22.0819 97.4354 -56.2241 138.772
99.9078 0.0686506 148.755 18.5324 -28.1853 95.8497 -59.6507 137.525
